#       data file for BSAI northern rockfish
#
#       styr (the start year for the model)
1977
#       styr_fish  (the start year for the fishery)
1977
#       endyr ( the end year for the fishery and the model)
2019
#	yrs_r ( years to peel for retrospective run)
0
#       nages
43
#       nages (in data, can be less that the number of ages in the model)
38
#       ages (in model)
3 4 5 6 7 8 9 10 11 12 13 14 15 16 17 18 19 20 21 22 23 24 25 26 27 28 29 30 31 32 33 34 35 36 37 38 39 40 41 42 43 44 45
#       ages (in age comps)
3 4 5 6 7 8 9 10 11 12 13 14 15 16 17 18 19 20 21 22 23 24 25 26 27 28 29 30 31 32 33 34 35 36 37 38 39 40
#       nselages
38
#       recage
3
#       nlen ( the number of length groups)
24
#       lengths
15 16 17 18 19 20 21 22 23 24 25 26 27 28 29 30 31 32 33 34 35 36 37 38
#       nyear fish
43
#       yrs fish
1977 1978       1979    1980    1981    1982    1983    1984    1985    1986    1987    1988    1989    1990    1991    1992    1993    1994    1995    1996    1997    1998    1999    2000    2001 2002 2003 2004 2005 2006 2007 2008 2009 2010 2011 2012 2013 2014 2015 2016 2017 2018 2019
#       catch biomass (mt) 
3270    3687    647     638     145     248     89      229     195     270     385     534     384     1481    859     1857    5389    4727    4124    6724    2161    3791    5650    5162    6488	4057	4929	4684	3964	3828	4016	3287	3111	4332	2763	2487	2038	2342	7197 4540 4699 5767 8828
#       nyears srv3 (NMFS AI survey) 
12
#       yrs srv3
1991 1994 1997 2000 2002 2004 2006 2010 2012 2014 2016 2018
#       srv3 estimates (mt)
212813	88463	87391	206329	178791	189446	219350	217319	285164	472895	253217 212472
#       Survey 3 standard deviations (mt)
32874	43939	27023	61113	47629	41879	53228	47501	143539	146951	46665  43042
#       srv3 mean - 2SD
147065	5863	3345	84102	83534	105687	112893	122316	0		178993	159887  126387 
#       srv3 mean + 2SD
278560	176340	141437	328555	274049	273205	325806	312321	572242	766797	346547  298556
#       matrix for unbiased, imprecise ages (columns = true ages, rows = observed ages)
0.903	0.109	0.000	0.000	0.000	0.000	0.000	0.000	0.000	0.000	0.000	0.000	0.000	0.000	0.000	0.000	0.000	0.000	0.000	0.000	0.000	0.000	0.000	0.000	0.000	0.000	0.000	0.000	0.000	0.000	0.000	0.000	0.000	0.000	0.000	0.000	0.000	0.000	0.000	0.000	0.000	0.000	0.000
0.097	0.781	0.121	0.000	0.000	0.000	0.000	0.000	0.000	0.000	0.000	0.000	0.000	0.000	0.000	0.000	0.000	0.000	0.000	0.000	0.000	0.000	0.000	0.000	0.000	0.000	0.000	0.000	0.000	0.000	0.000	0.000	0.000	0.000	0.000	0.000	0.000	0.000	0.000	0.000	0.000	0.000	0.000
0.000	0.109	0.758	0.132	0.001	0.000	0.000	0.000	0.000	0.000	0.000	0.000	0.000	0.000	0.000	0.000	0.000	0.000	0.000	0.000	0.000	0.000	0.000	0.000	0.000	0.000	0.000	0.000	0.000	0.000	0.000	0.000	0.000	0.000	0.000	0.000	0.000	0.000	0.000	0.000	0.000	0.000	0.000
0.000	0.000	0.121	0.735	0.143	0.001	0.000	0.000	0.000	0.000	0.000	0.000	0.000	0.000	0.000	0.000	0.000	0.000	0.000	0.000	0.000	0.000	0.000	0.000	0.000	0.000	0.000	0.000	0.000	0.000	0.000	0.000	0.000	0.000	0.000	0.000	0.000	0.000	0.000	0.000	0.000	0.000	0.000
0.000	0.000	0.000	0.132	0.712	0.153	0.002	0.000	0.000	0.000	0.000	0.000	0.000	0.000	0.000	0.000	0.000	0.000	0.000	0.000	0.000	0.000	0.000	0.000	0.000	0.000	0.000	0.000	0.000	0.000	0.000	0.000	0.000	0.000	0.000	0.000	0.000	0.000	0.000	0.000	0.000	0.000	0.000
0.000	0.000	0.000	0.000	0.143	0.691	0.163	0.002	0.000	0.000	0.000	0.000	0.000	0.000	0.000	0.000	0.000	0.000	0.000	0.000	0.000	0.000	0.000	0.000	0.000	0.000	0.000	0.000	0.000	0.000	0.000	0.000	0.000	0.000	0.000	0.000	0.000	0.000	0.000	0.000	0.000	0.000	0.000
0.000	0.000	0.000	0.000	0.001	0.153	0.671	0.172	0.003	0.000	0.000	0.000	0.000	0.000	0.000	0.000	0.000	0.000	0.000	0.000	0.000	0.000	0.000	0.000	0.000	0.000	0.000	0.000	0.000	0.000	0.000	0.000	0.000	0.000	0.000	0.000	0.000	0.000	0.000	0.000	0.000	0.000	0.000
0.000	0.000	0.000	0.000	0.000	0.001	0.163	0.651	0.180	0.005	0.000	0.000	0.000	0.000	0.000	0.000	0.000	0.000	0.000	0.000	0.000	0.000	0.000	0.000	0.000	0.000	0.000	0.000	0.000	0.000	0.000	0.000	0.000	0.000	0.000	0.000	0.000	0.000	0.000	0.000	0.000	0.000	0.000
0.000	0.000	0.000	0.000	0.000	0.000	0.002	0.172	0.632	0.188	0.006	0.000	0.000	0.000	0.000	0.000	0.000	0.000	0.000	0.000	0.000	0.000	0.000	0.000	0.000	0.000	0.000	0.000	0.000	0.000	0.000	0.000	0.000	0.000	0.000	0.000	0.000	0.000	0.000	0.000	0.000	0.000	0.000
0.000	0.000	0.000	0.000	0.000	0.000	0.000	0.002	0.180	0.615	0.195	0.008	0.000	0.000	0.000	0.000	0.000	0.000	0.000	0.000	0.000	0.000	0.000	0.000	0.000	0.000	0.000	0.000	0.000	0.000	0.000	0.000	0.000	0.000	0.000	0.000	0.000	0.000	0.000	0.000	0.000	0.000	0.000
0.000	0.000	0.000	0.000	0.000	0.000	0.000	0.000	0.003	0.188	0.598	0.202	0.009	0.000	0.000	0.000	0.000	0.000	0.000	0.000	0.000	0.000	0.000	0.000	0.000	0.000	0.000	0.000	0.000	0.000	0.000	0.000	0.000	0.000	0.000	0.000	0.000	0.000	0.000	0.000	0.000	0.000	0.000
0.000	0.000	0.000	0.000	0.000	0.000	0.000	0.000	0.000	0.005	0.195	0.581	0.208	0.012	0.000	0.000	0.000	0.000	0.000	0.000	0.000	0.000	0.000	0.000	0.000	0.000	0.000	0.000	0.000	0.000	0.000	0.000	0.000	0.000	0.000	0.000	0.000	0.000	0.000	0.000	0.000	0.000	0.000
0.000	0.000	0.000	0.000	0.000	0.000	0.000	0.000	0.000	0.000	0.006	0.202	0.566	0.213	0.014	0.000	0.000	0.000	0.000	0.000	0.000	0.000	0.000	0.000	0.000	0.000	0.000	0.000	0.000	0.000	0.000	0.000	0.000	0.000	0.000	0.000	0.000	0.000	0.000	0.000	0.000	0.000	0.000
0.000	0.000	0.000	0.000	0.000	0.000	0.000	0.000	0.000	0.000	0.000	0.008	0.208	0.551	0.218	0.016	0.000	0.000	0.000	0.000	0.000	0.000	0.000	0.000	0.000	0.000	0.000	0.000	0.000	0.000	0.000	0.000	0.000	0.000	0.000	0.000	0.000	0.000	0.000	0.000	0.000	0.000	0.000
0.000	0.000	0.000	0.000	0.000	0.000	0.000	0.000	0.000	0.000	0.000	0.000	0.009	0.213	0.537	0.222	0.019	0.000	0.000	0.000	0.000	0.000	0.000	0.000	0.000	0.000	0.000	0.000	0.000	0.000	0.000	0.000	0.000	0.000	0.000	0.000	0.000	0.000	0.000	0.000	0.000	0.000	0.000
0.000	0.000	0.000	0.000	0.000	0.000	0.000	0.000	0.000	0.000	0.000	0.000	0.000	0.012	0.218	0.523	0.226	0.022	0.001	0.000	0.000	0.000	0.000	0.000	0.000	0.000	0.000	0.000	0.000	0.000	0.000	0.000	0.000	0.000	0.000	0.000	0.000	0.000	0.000	0.000	0.000	0.000	0.000
0.000	0.000	0.000	0.000	0.000	0.000	0.000	0.000	0.000	0.000	0.000	0.000	0.000	0.000	0.014	0.222	0.510	0.229	0.025	0.001	0.000	0.000	0.000	0.000	0.000	0.000	0.000	0.000	0.000	0.000	0.000	0.000	0.000	0.000	0.000	0.000	0.000	0.000	0.000	0.000	0.000	0.000	0.000
0.000	0.000	0.000	0.000	0.000	0.000	0.000	0.000	0.000	0.000	0.000	0.000	0.000	0.000	0.000	0.016	0.226	0.498	0.232	0.028	0.001	0.000	0.000	0.000	0.000	0.000	0.000	0.000	0.000	0.000	0.000	0.000	0.000	0.000	0.000	0.000	0.000	0.000	0.000	0.000	0.000	0.000	0.000
0.000	0.000	0.000	0.000	0.000	0.000	0.000	0.000	0.000	0.000	0.000	0.000	0.000	0.000	0.000	0.000	0.019	0.229	0.486	0.234	0.031	0.001	0.000	0.000	0.000	0.000	0.000	0.000	0.000	0.000	0.000	0.000	0.000	0.000	0.000	0.000	0.000	0.000	0.000	0.000	0.000	0.000	0.000
0.000	0.000	0.000	0.000	0.000	0.000	0.000	0.000	0.000	0.000	0.000	0.000	0.000	0.000	0.000	0.000	0.000	0.022	0.232	0.474	0.236	0.034	0.002	0.000	0.000	0.000	0.000	0.000	0.000	0.000	0.000	0.000	0.000	0.000	0.000	0.000	0.000	0.000	0.000	0.000	0.000	0.000	0.000
0.000	0.000	0.000	0.000	0.000	0.000	0.000	0.000	0.000	0.000	0.000	0.000	0.000	0.000	0.000	0.000	0.000	0.000	0.025	0.234	0.463	0.238	0.037	0.002	0.000	0.000	0.000	0.000	0.000	0.000	0.000	0.000	0.000	0.000	0.000	0.000	0.000	0.000	0.000	0.000	0.000	0.000	0.000
0.000	0.000	0.000	0.000	0.000	0.000	0.000	0.000	0.000	0.000	0.000	0.000	0.000	0.000	0.000	0.000	0.000	0.000	0.001	0.028	0.236	0.453	0.239	0.041	0.003	0.000	0.000	0.000	0.000	0.000	0.000	0.000	0.000	0.000	0.000	0.000	0.000	0.000	0.000	0.000	0.000	0.000	0.000
0.000	0.000	0.000	0.000	0.000	0.000	0.000	0.000	0.000	0.000	0.000	0.000	0.000	0.000	0.000	0.000	0.000	0.000	0.000	0.001	0.031	0.238	0.443	0.241	0.044	0.003	0.000	0.000	0.000	0.000	0.000	0.000	0.000	0.000	0.000	0.000	0.000	0.000	0.000	0.000	0.000	0.000	0.000
0.000	0.000	0.000	0.000	0.000	0.000	0.000	0.000	0.000	0.000	0.000	0.000	0.000	0.000	0.000	0.000	0.000	0.000	0.000	0.000	0.001	0.034	0.239	0.433	0.241	0.047	0.004	0.000	0.000	0.000	0.000	0.000	0.000	0.000	0.000	0.000	0.000	0.000	0.000	0.000	0.000	0.000	0.000
0.000	0.000	0.000	0.000	0.000	0.000	0.000	0.000	0.000	0.000	0.000	0.000	0.000	0.000	0.000	0.000	0.000	0.000	0.000	0.000	0.000	0.001	0.037	0.241	0.424	0.242	0.051	0.004	0.000	0.000	0.000	0.000	0.000	0.000	0.000	0.000	0.000	0.000	0.000	0.000	0.000	0.000	0.000
0.000	0.000	0.000	0.000	0.000	0.000	0.000	0.000	0.000	0.000	0.000	0.000	0.000	0.000	0.000	0.000	0.000	0.000	0.000	0.000	0.000	0.000	0.002	0.041	0.241	0.415	0.242	0.054	0.005	0.000	0.000	0.000	0.000	0.000	0.000	0.000	0.000	0.000	0.000	0.000	0.000	0.000	0.000
0.000	0.000	0.000	0.000	0.000	0.000	0.000	0.000	0.000	0.000	0.000	0.000	0.000	0.000	0.000	0.000	0.000	0.000	0.000	0.000	0.000	0.000	0.000	0.002	0.044	0.242	0.407	0.242	0.057	0.006	0.000	0.000	0.000	0.000	0.000	0.000	0.000	0.000	0.000	0.000	0.000	0.000	0.000
0.000	0.000	0.000	0.000	0.000	0.000	0.000	0.000	0.000	0.000	0.000	0.000	0.000	0.000	0.000	0.000	0.000	0.000	0.000	0.000	0.000	0.000	0.000	0.000	0.003	0.047	0.242	0.398	0.242	0.061	0.007	0.000	0.000	0.000	0.000	0.000	0.000	0.000	0.000	0.000	0.000	0.000	0.000
0.000	0.000	0.000	0.000	0.000	0.000	0.000	0.000	0.000	0.000	0.000	0.000	0.000	0.000	0.000	0.000	0.000	0.000	0.000	0.000	0.000	0.000	0.000	0.000	0.000	0.003	0.051	0.242	0.391	0.242	0.064	0.008	0.000	0.000	0.000	0.000	0.000	0.000	0.000	0.000	0.000	0.000	0.000
0.000	0.000	0.000	0.000	0.000	0.000	0.000	0.000	0.000	0.000	0.000	0.000	0.000	0.000	0.000	0.000	0.000	0.000	0.000	0.000	0.000	0.000	0.000	0.000	0.000	0.000	0.004	0.054	0.242	0.383	0.241	0.067	0.009	0.001	0.000	0.000	0.000	0.000	0.000	0.000	0.000	0.000	0.000
0.000	0.000	0.000	0.000	0.000	0.000	0.000	0.000	0.000	0.000	0.000	0.000	0.000	0.000	0.000	0.000	0.000	0.000	0.000	0.000	0.000	0.000	0.000	0.000	0.000	0.000	0.000	0.004	0.057	0.242	0.376	0.241	0.070	0.010	0.001	0.000	0.000	0.000	0.000	0.000	0.000	0.000	0.000
0.000	0.000	0.000	0.000	0.000	0.000	0.000	0.000	0.000	0.000	0.000	0.000	0.000	0.000	0.000	0.000	0.000	0.000	0.000	0.000	0.000	0.000	0.000	0.000	0.000	0.000	0.000	0.000	0.005	0.061	0.241	0.369	0.240	0.073	0.011	0.001	0.000	0.000	0.000	0.000	0.000	0.000	0.000
0.000	0.000	0.000	0.000	0.000	0.000	0.000	0.000	0.000	0.000	0.000	0.000	0.000	0.000	0.000	0.000	0.000	0.000	0.000	0.000	0.000	0.000	0.000	0.000	0.000	0.000	0.000	0.000	0.000	0.006	0.064	0.241	0.362	0.239	0.076	0.012	0.001	0.000	0.000	0.000	0.000	0.000	0.000
0.000	0.000	0.000	0.000	0.000	0.000	0.000	0.000	0.000	0.000	0.000	0.000	0.000	0.000	0.000	0.000	0.000	0.000	0.000	0.000	0.000	0.000	0.000	0.000	0.000	0.000	0.000	0.000	0.000	0.000	0.007	0.067	0.240	0.355	0.238	0.078	0.014	0.001	0.000	0.000	0.000	0.000	0.000
0.000	0.000	0.000	0.000	0.000	0.000	0.000	0.000	0.000	0.000	0.000	0.000	0.000	0.000	0.000	0.000	0.000	0.000	0.000	0.000	0.000	0.000	0.000	0.000	0.000	0.000	0.000	0.000	0.000	0.000	0.000	0.008	0.070	0.239	0.349	0.237	0.081	0.015	0.002	0.000	0.000	0.000	0.000
0.000	0.000	0.000	0.000	0.000	0.000	0.000	0.000	0.000	0.000	0.000	0.000	0.000	0.000	0.000	0.000	0.000	0.000	0.000	0.000	0.000	0.000	0.000	0.000	0.000	0.000	0.000	0.000	0.000	0.000	0.000	0.000	0.009	0.073	0.238	0.343	0.236	0.084	0.016	0.002	0.000	0.000	0.000
0.000	0.000	0.000	0.000	0.000	0.000	0.000	0.000	0.000	0.000	0.000	0.000	0.000	0.000	0.000	0.000	0.000	0.000	0.000	0.000	0.000	0.000	0.000	0.000	0.000	0.000	0.000	0.000	0.000	0.000	0.000	0.000	0.000	0.010	0.076	0.237	0.337	0.235	0.086	0.018	0.002	0.000	0.000
0.000	0.000	0.000	0.000	0.000	0.000	0.000	0.000	0.000	0.000	0.000	0.000	0.000	0.000	0.000	0.000	0.000	0.000	0.000	0.000	0.000	0.000	0.000	0.000	0.000	0.000	0.000	0.000	0.000	0.000	0.000	0.000	0.000	0.001	0.011	0.078	0.236	0.331	0.233	0.088	0.019	0.002	0.000
0.000	0.000	0.000	0.000	0.000	0.000	0.000	0.000	0.000	0.000	0.000	0.000	0.000	0.000	0.000	0.000	0.000	0.000	0.000	0.000	0.000	0.000	0.000	0.000	0.000	0.000	0.000	0.000	0.000	0.000	0.000	0.000	0.000	0.000	0.001	0.012	0.081	0.235	0.326	0.232	0.091	0.020	0.003
0.000	0.000	0.000	0.000	0.000	0.000	0.000	0.000	0.000	0.000	0.000	0.000	0.000	0.000	0.000	0.000	0.000	0.000	0.000	0.000	0.000	0.000	0.000	0.000	0.000	0.000	0.000	0.000	0.000	0.000	0.000	0.000	0.000	0.000	0.000	0.001	0.014	0.084	0.233	0.320	0.231	0.093	0.022
0.000	0.000	0.000	0.000	0.000	0.000	0.000	0.000	0.000	0.000	0.000	0.000	0.000	0.000	0.000	0.000	0.000	0.000	0.000	0.000	0.000	0.000	0.000	0.000	0.000	0.000	0.000	0.000	0.000	0.000	0.000	0.000	0.000	0.000	0.000	0.000	0.001	0.015	0.086	0.232	0.315	0.229	0.095
0.000	0.000	0.000	0.000	0.000	0.000	0.000	0.000	0.000	0.000	0.000	0.000	0.000	0.000	0.000	0.000	0.000	0.000	0.000	0.000	0.000	0.000	0.000	0.000	0.000	0.000	0.000	0.000	0.000	0.000	0.000	0.000	0.000	0.000	0.000	0.000	0.000	0.001	0.016	0.088	0.231	0.310	0.228
0.000	0.000	0.000	0.000	0.000	0.000	0.000	0.000	0.000	0.000	0.000	0.000	0.000	0.000	0.000	0.000	0.000	0.000	0.000	0.000	0.000	0.000	0.000	0.000	0.000	0.000	0.000	0.000	0.000	0.000	0.000	0.000	0.000	0.000	0.000	0.000	0.000	0.000	0.002	0.020	0.112	0.345	0.653
#       matrix for length comps (columns = true ages(3-45), rows = length group(15-38))
0.113	0.009	0.001	0.000	0.000	0.000	0.000	0.000	0.000	0.000	0.000	0.000	0.000	0.000	0.000	0.000	0.000	0.000	0.000	0.000	0.000	0.000	0.000	0.000	0.000	0.000	0.000	0.000	0.000	0.000	0.000	0.000	0.000	0.000	0.000	0.000	0.000	0.000	0.000	0.000	0.000	0.000	0.000
0.140	0.020	0.002	0.000	0.000	0.000	0.000	0.000	0.000	0.000	0.000	0.000	0.000	0.000	0.000	0.000	0.000	0.000	0.000	0.000	0.000	0.000	0.000	0.000	0.000	0.000	0.000	0.000	0.000	0.000	0.000	0.000	0.000	0.000	0.000	0.000	0.000	0.000	0.000	0.000	0.000	0.000	0.000
0.199	0.048	0.008	0.001	0.000	0.000	0.000	0.000	0.000	0.000	0.000	0.000	0.000	0.000	0.000	0.000	0.000	0.000	0.000	0.000	0.000	0.000	0.000	0.000	0.000	0.000	0.000	0.000	0.000	0.000	0.000	0.000	0.000	0.000	0.000	0.000	0.000	0.000	0.000	0.000	0.000	0.000	0.000
0.212	0.094	0.020	0.004	0.001	0.000	0.000	0.000	0.000	0.000	0.000	0.000	0.000	0.000	0.000	0.000	0.000	0.000	0.000	0.000	0.000	0.000	0.000	0.000	0.000	0.000	0.000	0.000	0.000	0.000	0.000	0.000	0.000	0.000	0.000	0.000	0.000	0.000	0.000	0.000	0.000	0.000	0.000
0.169	0.146	0.045	0.011	0.003	0.001	0.000	0.000	0.000	0.000	0.000	0.000	0.000	0.000	0.000	0.000	0.000	0.000	0.000	0.000	0.000	0.000	0.000	0.000	0.000	0.000	0.000	0.000	0.000	0.000	0.000	0.000	0.000	0.000	0.000	0.000	0.000	0.000	0.000	0.000	0.000	0.000	0.000
0.102	0.183	0.082	0.026	0.008	0.003	0.001	0.000	0.000	0.000	0.000	0.000	0.000	0.000	0.000	0.000	0.000	0.000	0.000	0.000	0.000	0.000	0.000	0.000	0.000	0.000	0.000	0.000	0.000	0.000	0.000	0.000	0.000	0.000	0.000	0.000	0.000	0.000	0.000	0.000	0.000	0.000	0.000
0.046	0.183	0.126	0.051	0.019	0.007	0.003	0.001	0.001	0.000	0.000	0.000	0.000	0.000	0.000	0.000	0.000	0.000	0.000	0.000	0.000	0.000	0.000	0.000	0.000	0.000	0.000	0.000	0.000	0.000	0.000	0.000	0.000	0.000	0.000	0.000	0.000	0.000	0.000	0.000	0.000	0.000	0.000
0.015	0.146	0.160	0.086	0.037	0.016	0.007	0.003	0.002	0.001	0.001	0.000	0.000	0.000	0.000	0.000	0.000	0.000	0.000	0.000	0.000	0.000	0.000	0.000	0.000	0.000	0.000	0.000	0.000	0.000	0.000	0.000	0.000	0.000	0.000	0.000	0.000	0.000	0.000	0.000	0.000	0.000	0.000
0.004	0.094	0.170	0.123	0.065	0.032	0.016	0.008	0.004	0.003	0.002	0.001	0.001	0.001	0.000	0.000	0.000	0.000	0.000	0.000	0.000	0.000	0.000	0.000	0.000	0.000	0.000	0.000	0.000	0.000	0.000	0.000	0.000	0.000	0.000	0.000	0.000	0.000	0.000	0.000	0.000	0.000	0.000
0.001	0.048	0.150	0.151	0.099	0.056	0.031	0.017	0.010	0.006	0.004	0.003	0.002	0.001	0.001	0.001	0.001	0.001	0.000	0.000	0.000	0.000	0.000	0.000	0.000	0.000	0.000	0.000	0.000	0.000	0.000	0.000	0.000	0.000	0.000	0.000	0.000	0.000	0.000	0.000	0.000	0.000	0.000
0.000	0.020	0.111	0.158	0.130	0.086	0.053	0.032	0.020	0.013	0.009	0.006	0.005	0.003	0.003	0.002	0.002	0.001	0.001	0.001	0.001	0.001	0.001	0.001	0.001	0.000	0.000	0.000	0.000	0.000	0.000	0.000	0.000	0.000	0.000	0.000	0.000	0.000	0.000	0.000	0.000	0.000	0.000
0.000	0.007	0.068	0.141	0.148	0.116	0.081	0.054	0.037	0.025	0.018	0.013	0.010	0.008	0.006	0.005	0.004	0.004	0.003	0.003	0.002	0.002	0.002	0.002	0.001	0.001	0.001	0.001	0.001	0.001	0.001	0.001	0.001	0.001	0.001	0.001	0.001	0.000	0.000	0.000	0.000	0.000	0.000
0.000	0.002	0.035	0.108	0.147	0.138	0.109	0.081	0.059	0.044	0.033	0.025	0.020	0.016	0.013	0.011	0.009	0.008	0.007	0.006	0.005	0.005	0.004	0.004	0.004	0.003	0.003	0.003	0.003	0.003	0.002	0.002	0.002	0.002	0.002	0.002	0.002	0.002	0.001	0.001	0.001	0.001	0.001
0.000	0.000	0.015	0.070	0.126	0.143	0.131	0.108	0.086	0.067	0.053	0.042	0.035	0.029	0.024	0.021	0.018	0.016	0.014	0.013	0.012	0.011	0.010	0.009	0.008	0.008	0.007	0.007	0.007	0.006	0.006	0.006	0.005	0.005	0.005	0.005	0.004	0.004	0.004	0.004	0.004	0.003	0.003
0.000	0.000	0.005	0.039	0.094	0.131	0.139	0.128	0.111	0.093	0.077	0.065	0.055	0.047	0.041	0.036	0.032	0.029	0.026	0.024	0.022	0.021	0.019	0.018	0.017	0.016	0.015	0.015	0.014	0.013	0.013	0.012	0.012	0.011	0.011	0.011	0.010	0.010	0.010	0.009	0.009	0.009	0.008
0.000	0.000	0.002	0.019	0.061	0.106	0.131	0.135	0.128	0.115	0.102	0.090	0.079	0.070	0.063	0.057	0.052	0.047	0.044	0.041	0.038	0.036	0.034	0.033	0.031	0.030	0.029	0.028	0.027	0.026	0.025	0.025	0.024	0.023	0.023	0.022	0.022	0.021	0.021	0.020	0.020	0.019	0.018
0.000	0.000	0.000	0.008	0.034	0.075	0.109	0.128	0.133	0.129	0.121	0.112	0.103	0.094	0.087	0.081	0.075	0.070	0.066	0.063	0.060	0.057	0.055	0.053	0.052	0.050	0.049	0.048	0.046	0.045	0.045	0.044	0.043	0.042	0.041	0.041	0.040	0.040	0.039	0.038	0.038	0.037	0.036
0.000	0.000	0.000	0.003	0.017	0.046	0.080	0.107	0.123	0.129	0.129	0.126	0.120	0.115	0.109	0.104	0.099	0.095	0.091	0.088	0.085	0.082	0.080	0.078	0.076	0.075	0.074	0.072	0.071	0.071	0.070	0.069	0.068	0.068	0.067	0.066	0.066	0.065	0.065	0.064	0.064	0.064	0.063
0.000	0.000	0.000	0.001	0.007	0.025	0.052	0.080	0.102	0.116	0.124	0.127	0.128	0.126	0.123	0.120	0.118	0.115	0.112	0.110	0.108	0.106	0.104	0.103	0.102	0.101	0.100	0.099	0.098	0.098	0.097	0.097	0.096	0.096	0.096	0.096	0.096	0.095	0.095	0.095	0.095	0.095	0.094
0.000	0.000	0.000	0.000	0.003	0.012	0.030	0.053	0.076	0.094	0.107	0.116	0.122	0.125	0.126	0.127	0.126	0.126	0.125	0.124	0.124	0.123	0.122	0.122	0.121	0.121	0.121	0.121	0.121	0.121	0.121	0.121	0.121	0.121	0.122	0.122	0.122	0.123	0.123	0.124	0.124	0.124	0.124
0.000	0.000	0.000	0.000	0.001	0.005	0.016	0.032	0.050	0.068	0.084	0.096	0.105	0.112	0.117	0.120	0.123	0.125	0.126	0.127	0.128	0.129	0.129	0.130	0.130	0.131	0.131	0.132	0.133	0.133	0.134	0.135	0.135	0.136	0.137	0.138	0.138	0.139	0.140	0.141	0.142	0.143	0.143
0.000	0.000	0.000	0.000	0.000	0.002	0.007	0.017	0.030	0.045	0.059	0.071	0.082	0.091	0.098	0.103	0.108	0.112	0.115	0.117	0.119	0.121	0.123	0.124	0.126	0.127	0.128	0.129	0.130	0.131	0.132	0.133	0.134	0.135	0.136	0.137	0.138	0.139	0.140	0.141	0.142	0.143	0.144
0.000	0.000	0.000	0.000	0.000	0.001	0.003	0.008	0.016	0.026	0.037	0.048	0.058	0.066	0.074	0.080	0.086	0.090	0.094	0.098	0.101	0.103	0.105	0.107	0.109	0.110	0.112	0.113	0.114	0.116	0.117	0.118	0.119	0.120	0.120	0.121	0.122	0.123	0.124	0.124	0.125	0.126	0.127
0.000	0.000	0.000	0.000	0.000	0.000	0.001	0.005	0.013	0.025	0.040	0.058	0.077	0.096	0.115	0.132	0.148	0.162	0.175	0.186	0.195	0.203	0.210	0.216	0.221	0.225	0.229	0.232	0.234	0.236	0.237	0.238	0.239	0.239	0.239	0.239	0.239	0.238	0.238	0.237	0.236	0.235	0.236
#       number of years with unbiased fishery ages
14
#       years with unbiased fishery ages
2000 2001 2002 2003 2004 2005 2006 2007 2008 2009 2011 2013 2015 2017
#       unbiased fishery age compositions
#2000
0	0.031488625	0.084371026	0.001781888	0.046692443	0.004457743	0.000194391	0.041217076	0.045409873	0.031448206	0.044960678	0.056319003	0.136197975	0.066776502	0.004268772	0.025667141	0.029163318	0.016387466	0.036509624	0.031181133	0.006668601	0.024941038	0.02157395	0.009882024	0.012909726	0.009591543	0.037383477	0.010424451	0.01668213	0.006020054	0.020581062	0.00724472	0.02157971	0.015181735	0.007482021	0.006580505	0.002271798	0.02850857
#2001
0	0	0	0	0	0.01518386	0	0.011455755	0.064151978	0.016508377	0.064280775	0.049467619	0.060282568	0.075140935	0.142993779	0.04293679	0.034161907	0.026628589	0	0.060423997	0.047184928	0.005982691	0.036093178	0.013248758	0.020661069	0.003004859	0.018213353	0.010065214	0.089321759	0.024282156	0.005774449	0.015696133	0.005664589	0.008704218	0.00986086	0.011939603	0	0.010685253
#2002
0	0.00683988	0	0.031033264	0.072974746	0.004868195	0.085816919	0.003801371	0.013810797	0.042049341	0.049095929	0.028520734	0.063685177	0.028292586	0.073392039	0.062167698	0.06024642	0.025457681	0.03609725	0.0224799	0.000758453	0.01448983	0.010602816	0.009138033	0.037993705	0.003110644	0.019945494	0.026424836	0.01603789	0.028382549	0.035797776	0.003555761	0.010601896	0.004289108	0.000931157	0.003555761	0.012036271	0.051718096
#2003
0	0	0.001675422	0	0.016216238	0.018748431	0.025003167	0.069311144	0.00796506	0.03221783	0.044888385	0.071753094	0.042692316	0.046016661	0.046323142	0.08655883	0.087261467	0.035367166	0.041033904	0.037737581	0.012720855	0.026077983	0.0202319	0.024989299	0.028800004	0.03530198	0.004559494	0.010169416	0.022845545	0.028200149	0.004618996	0.013034611	0.005291985	0.009328859	0	0.004151517	0.0003897	0.038517866
#2004
0	0	0	0.002714321	0.013996896	0.031581703	0.042754944	0.031176189	0.047090857	0.005450551	0.023932964	0.031116241	0.053951404	0.025348949	0.06882887	0.058221712	0.071241415	0.076824824	0.044667309	0.03022175	0.063897973	0.009721856	0.003240617	0.029048576	0.007755559	0.025333688	0.011178523	0.025799344	0.016278745	0.010965386	0.038301752	0.017437202	0.011383504	0.012262226	0	0	0.004476569	0.053797583
#2005
0	0	0	0	0.035458632	0.004132184	0.002521005	0.01926381	0.040601254	0.00326399	0.011413343	0.013814267	0.039734411	0.046378566	0.070124322	0.042328088	0.047505934	0.101960013	0.149874585	0.041574608	0.058499234	0.053753787	0.005725739	0.035233345	0.029274848	0	0.026270785	0.005725739	0	0	0	0	0.031825362	0.008701019	0.000879345	0	0.009934314	0.064227469
#2006
0	0	0	0.002444916	0.000717089	0.032198518	0.067824707	0.093057153	0.100704283	0.027032919	0.044879902	0.018368298	0.043270504	0.01606954	0.039211069	0.029632933	0.016687567	0.046572264	0.069254478	0.070172928	0.015479556	0.024255825	0.033610583	0.019444167	0.0478166	0.004781297	0.012068807	0.012021375	0.017952009	0.014442617	0.009595629	0.003973979	0.008487945	0.003682108	0.009175957	0.003458228	0	0.041654249
#2007
0	0	0	0	0	0	0.049474	0.052624838	0.075508095	0.096348467	0.052188995	0.039470978	0.039359116	0.038325184	0.022232335	0.02812824	0.032126968	0.024366908	0.02969978	0.044710467	0.085262389	0.024525375	0.016133448	0.035290633	0.024732992	0.016226336	0.01645946	0.007332787	0.010148058	0.015331273	0.005318146	0.009811818	0	0.017697379	0.01487265	0.015598217	0.008382251	0.052312418
#2008
0	0	0	0.001066685	0	0.002868699	0.004695969	0.057947227	0.065637418	0.066352457	0.11749679	0.029966778	0.053514883	0.025376056	0.025956821	0.025732037	0.031660716	0.028240735	0.034753605	0.043039899	0.044195659	0.043351917	0.039129685	0.012661398	0.02107342	0.014505095	0.01207775	0.024403673	0.010819048	0.011312027	0.016811867	0.014726204	0.048128935	0	0.00325676	0.003130834	0.014752049	0.051356905
#2009
0	0.004428881	0	0.021036914	0.014393594	0	0.006214302	0.015710731	0.066654478	0.064777857	0.060425277	0.10330123	0.068667934	0.07089568	0.008318394	0.015423383	0.006773413	0.028210527	0.031289303	0.016484284	0.009226477	0.039720433	0.038166564	0.009617388	0.006301616	0.018460132	0.02858901	0.012558044	0.013717432	0.007597644	0.015467002	0.008056332	0.016659848	0.028129304	0.005763023	0.00853684	0.00811962	0.122307108
#2011
0	0	0	0.018116208	0.009776871	0.011320357	0.030908446	0.025398564	0.051141558	0.030680072	0.045894017	0.096664904	0.094820762	0.092978058	0.06164283	0.034283851	0.020198788	0.017451833	0.024673246	0.018496034	0.00721079	0.008654868	0.02071185	0.044371115	0.025322512	0.034747869	0.027622691	0.010911068	0.03276317	0.009315704	0.005394722	0.007179149	0.007013997	0.010971993	0.008802402	0.001690078	0.00529007	0.047579554
#2013
0	0	0.002161029	0.003601613	0.012442804	0.059285281	0.027901175	0.060378454	0.04777096	0.008628172	0.024514403	0.013752488	0.038309217	0.079043456	0.088969507	0.077372322	0.055278469	0.026187588	0.008595267	0.020710077	0.023965111	0.019103082	0.01111777	0.008358911	0.028237456	0.044485333	0.029477825	0.024095995	0.021226744	0.003581915	0.016559529	0.005248344	0.013108639	0.014248812	0.012374004	0.005423522	0.008966314	0.055518413
#2015
0	0	0	0.006879761	0.006547904	0.004852052	0.01950348	0.084771505	0.045561359	0.030533846	0.037457309	0.031007708	0.022176662	0.028306714	0.038621632	0.061202677	0.057775372	0.045755929	0.043086264	0.031630941	0.031693473	0.038478604	0.025538553	0.024735728	0.016921368	0.026242768	0.024969813	0.02036447	0.021426255	0.03042247	0.01576252	0.015557167	0.008979109	0.01157393	0.010987859	0.012500905	0.007575539	0.060598355
#2017
0	0	0	0.003486301	0.003202174	0.031348985	0.008281706	0.018494236	0.02966296	0.104823291	0.074866843	0.053699221	0.045471217	0.015098154	0.023438399	0.021608098	0.022583039	0.057491032	0.058417504	0.055610726	0.03092657	0.024186521	0.029495193	0.011573563	0.025570641	0.022487529	0.017407259	0.015750086	0.029970567	0.018783633	0.011997713	0.019544562	0.008611081	0.015927458	0.014692141	0.007271095	0	0.068220503
#       number of years with fishery lengths
10
#       years with fishery lengths
1977 1978 1996 1998 1999 2010 2012 2014 2016 2018
#       fishery length compositions
#1977
0.000922571	0	0.000922571	0	0.000922571	0	0.004612854	0.034349784	0.04009987	0.070401601	0.094674659	0.142863005	0.121222182	0.124984019	0.1180967	0.089926326	0.059974735	0.054861004	0.0261182	0.010434495	0.002767713	0.000922571	0	0.000922571
#1978
0	0	0	0	0	0	0	0.048239352	0.024119676	0.108538543	0.089342288	0.114976863	0.108278526	0.118882819	0.094763143	0.070643467	0.090656525	0.080052232	0.024995834	0.017042614	0.006817046	0.002272349	0.000378725	0
#1996                   
0	0	0	0	0.000634212	0	0	0	0.001902636	0.005707908	0.017123723	0.045663261	0.046340305	0.027313946	0.068178813	0.045500195	0.103301201	0.106625534	0.061267026	0.121054798	0.150853228	0.087573459	0.027352774	0.083606981
#1998
0	0	0	0	0	0	0	0	4.81008E-05	0	0	0	0	0.011858103	0.02817785	0.070873077	0.082734427	0.113342606	0.153874552	0.142363569	0.096070769	0.097526617	0.057878717	0.145251614
#1999
0	0	0.001905638	0	0	0.001905638	0.002092348	0	0.003811277	0.001301776	0.006245567	0.00018671	0.017911232	0.013385985	0.033900074	0.052250703	0.099001302	0.121663488	0.133791828	0.132923658	0.135553554	0.098478238	0.074437675	0.069253309
#2010
0	0	0	0	0	0	0	0.001966995	0	0.00225534	0.00225534	0.004510679	0.005612642	0.017441661	0.041289124	0.062134253	0.093187959	0.131532752	0.149482723	0.134442133	0.114872353	0.07835976	0.043557906	0.117098382
#2012
0	0	0	0.000651498	0.000651498	0.001302996	0.003257491	0.005211986	0.012378466	0.020847943	0.021007802	0.04068603	0.041204246	0.055377347	0.065801319	0.061242476	0.086874773	0.096285189	0.096015001	0.083125989	0.069103538	0.058905848	0.042509924	0.137558639
#2014
0	0.000753818	0.000753818	0	0.000753818	0.001405315	0.002261455	0.002261455	0.003717931	0.005123246	0.009748479	0.018375533	0.03948245	0.036076492	0.053884247	0.054228777	0.07620641	0.082716543	0.070602194	0.108892398	0.090799341	0.085804766	0.058269196	0.197882316
#2016
0	0	0	0.000320981	0.000949918	0	0.001899836	0.001591879	0.001270898	0.002387819	0.002806856	0.005892558	0.013837741	0.018525711	0.046513066	0.068179639	0.091654115	0.113134112	0.127815718	0.13945129	0.108659727	0.074618509	0.065959615	0.11453001
#2018
0	0	0	0.000384779	0.000769557	0.000769557	0.000961946	0.000721632	0.001167316	0.00271941	0.005028081	0.005525639	0.009113686	0.019665719	0.034528876	0.069483953	0.108125901	0.139318909	0.14679981	0.125339975	0.094431575	0.075594955	0.054366319	0.105182405
#       number of years with unbiased AI trawl survey ages                                                                                                                      
12                                                                                                                                                                             
#       years   with    unbiased        survey  ages                                                                                                                                    
1991  1994     1997 2000 2002 2004 2006 2010 2012 2014 2016 2018
#       unbiased        survey  age     compositions                                                                                                                                            
#1991
0	0	0.014793028	0.036990991	0.133484922	0.052776961	0.021081302	0.090564713	0.036295255	0.034373463	0.06089635	0.052993517	0.027057129	0.031555911	0.016386057	0.033070129	0.023621985	0.027082407	0.021758383	0.034072225	0.033041979	0.041533446	0.033344299	0.02160706	0.004626859	0.010247662	0.016868984	0.015589849	0.012605015	0	0.009714868	0.000132075	0.003834738	0	0	0.00782166	0.007544596	0.032632184
#1994
0.000121831	8.68349E-05	0.014466876	0.015126097	0.016702842	0.037308036	0.071958539	0.115592197	0.013684634	0.020053017	0.041821241	0.00880948	0.070228029	0.060344389	0.037509537	0.02271729	0.028354051	0.052540578	0.023740254	0.029549912	0.012926715	0.04788286	0.024482626	0.015734912	0.010430426	0.025186153	0	0.009476298	0.010238557	0.006504383	0.02830963	0.018335769	0.007456763	0	0.020518824	0	0	0.08180042
#1997
0.004210396	0.021717299	0.012139795	0.032937494	0.032931835	0.179331877	0.078685651	0.030624493	0.026596989	0.105840646	0.056789076	0.028775041	0.009567586	0.012105806	0.011359545	0.013052729	0.02026319	0.018933016	0.003870021	0.004472391	0.009848297	0.010390975	0.033741474	0.031800295	0.025854909	0.013592159	0.014994191	0.022560673	0.007014891	0.004297735	0.003579817	0.007098881	0.002294226	0.009129442	0.022843566	0.01079915	0.001646414	0.064308028
#2000
0.008563167	0.026566604	0.028801978	0.016283294	0.028339539	0.006809768	0.010114739	0.052350569	0.102269536	0.033384965	0.036891979	0.049550069	0.049447877	0.054724338	0.01627205	0.002022373	0.022539333	0.015560337	0.039408406	0.020780417	0.019490929	0.013574702	0.009224588	0.03038409	0.034232597	0.020649069	0.017513186	0.046204983	0.046043731	0.003112787	0.005760588	0.007608032	0.01059387	0.017200632	0.018493508	0.015942138	0.007265291	0.05602394
#2002
0.000165779	0.009012306	0.014121759	0.033919686	0.024323966	0.117421774	0.096375176	0.039538131	0.028741455	0.042742985	0.063616159	0.058235356	0.038110402	0.040713965	0.022766235	0.003969653	0.000244788	0.016247726	0.016274991	0.003244021	0.000590191	0.029664062	0.029057894	0.01467609	0.018513432	0.02062219	1.95875E-05	3.70293E-05	0.007623721	0.025129995	0.009752884	0	0.007956664	0	0.000227017	0.047561746	0.010242733	0.108538451
#2004
0	0.000741611	0.006955911	0.004107442	0.013150009	0.042756165	0.049231841	0.062032147	0.039725912	0.045900018	0.013662653	0.045430225	0.060476035	0.047817315	0.042644605	0.033585286	0.023666291	0.042964312	0.022718398	0.01245507	0.033167716	0.012678557	0.014106479	0.012673587	0.033115749	0.023181201	0.031706174	0.026225562	0.006458221	0.025289259	0.022661423	0.032661195	0.015393153	0.010234245	0.002126203	0.009137047	0.002205265	0.07695772
#2006
0.004294221	0.01012563	0.006242965	0.010074202	0.008518726	0.012365996	0.051891599	0.067756941	0.074307411	0.041200124	0.029888017	0.033602902	0.025394356	0.035146528	0.039331354	0.015984837	0.027416225	0.034404168	0.029881601	0.036514441	0.009986226	0.021979315	0.015008153	0.019878311	0.023841379	0.01750927	0.018308625	0.028681306	0.026793242	0.022844572	0.010826392	0.024570215	0.020610023	0.019964304	0.017739511	0.005607343	0.022892384	0.078617185
#2010
0.001792086	0.00575722	0.034952946	0.042405844	0.017784183	0.024599325	0.009962768	0.013500808	0.020430076	0.036380022	0.036339654	0.042607626	0.052827355	0.035358243	0.016170112	0.021990209	0.014880129	0.023769874	0.026879846	0.02122022	0.014591512	0.018386894	0.043057069	0.029396779	0.014909583	0.02699817	0.004548807	0.004317916	0.014767219	0.027352286	0.034879142	0.015453761	0.013864159	0.03985072	0.018663145	0.022427569	0.015605329	0.141321396
#2012
0.000572597	0.002603083	0.000831807	0.008914051	0.031432635	0.019647736	0.024156453	0.010788342	0.009600568	0.011677065	0.026861788	0.04390342	0.021434453	0.026321599	0.026400287	0.030940267	0.03410246	0.035450718	0.028445261	0.021084538	0.015654527	0.030942594	0.032325369	0.023946083	0.041274186	0.030189113	0.011104068	0.004906087	0.005834075	0.02479838	0.036365102	0.020369345	0.017405585	0.021948716	0.017831675	0.021601303	0.015473907	0.212860758
#2014
0.000317674	0.000104129	0.003556963	0.004361872	0.00349101	0.010769277	0.050896732	0.036627445	0.013690207	0.028579353	0.013866021	0.021065644	0.009143205	0.020283707	0.02172725	0.030920555	0.067123091	0.034445043	0.059386726	0.048116429	0.014800914	0.037956643	0.047125911	0.040793973	0.015415997	0.027869349	0.022707647	0.012422309	0.01587	0.010398489	0.023633545	0.016040187	0.034248815	0.005815537	0.00728035	0.023193879	0.017480901	0.148473222
#2016
0	0	0.002722986	0.002489645	0.02607398	0.0390055	0.020478675	0.032110635	0.066622102	0.032431143	0.03353611	0.00814124	0.009333249	0.006584115	0.017198756	0.039568407	0.028109336	0.041536831	0.0435839	0.02553989	0.028762998	0.027028867	0.033398319	0.021024943	0.040555439	0.030924286	0.023629684	0.021492623	0.040369722	0.027578429	0.018561112	0.017706318	0.009796172	0.017791771	0.025153231	0.012277532	0.012185797	0.116696256
#2018
0.000688822	0.001901095	0	0.001224384	0.001157827	0	0.012517514	0.028767873	0.017215637	0.03556729	0.045922697	0.036832795	0.020093628	0.008717126	0.006897728	0.011353922	0.0186299	0.035620418	0.055083815	0.064373453	0.043703549	0.019606026	0.031250692	0.043357898	0.028233607	0.046446171	0.020983443	0.02020635	0.041838069	0.022642319	0.028408637	0.023783246	0.013115013	0.015378946	0.021438172	0.016443035	0.019141191	0.14145771
#       number of years with  AI trawl survey lengths                                                                                                                   
0                                                                                                                                                                               
#       years   with    AI trawl survey length comps                                                                                                                                    
#2016                                                                                                                                    
#       survey  length  compositions
# 2016
#0.001290831	0.001080304	0.000172125	0.000615596	0.002665414	0.003530865	0.006191838	0.008696584	0.012559721	0.02012676	0.02089161	0.03064156	0.040660931	0.064211052	0.080785075	0.110257768	0.107326568	0.115286549	0.106281595	0.102873274	0.076652229	0.04600845	0.022111672	0.019081631
# population weight at age 
60.4993736	89.63284484	121.529703	154.6358582	187.7324295	219.9298033	250.6213363	279.4265915	306.1374228	330.6719507	353.0375233	373.3020249	391.5722695	407.978105	422.6609779	435.7658978	447.4359514	457.808698	467.0139337	475.1724362	482.3954007	488.7843522	494.4313766	499.4195559	503.8235269	507.7101031	511.1389223	514.1630889	516.8297963	519.1809152	521.2535428	523.0805093	524.6908413	526.1101821	527.3611713	528.4637857	529.4356453	530.2922855	531.0474001	531.7130568	532.2998886	532.8172633	534.9795671
60.4993736	89.63284484	121.529703	154.6358582	187.7324295	219.9298033	250.6213363	279.4265915	306.1374228	330.6719507	353.0375233	373.3020249	391.5722695	407.978105	422.6609779	435.7658978	447.4359514	457.808698	467.0139337	475.1724362	482.3954007	488.7843522	494.4313766	499.4195559	503.8235269	507.7101031	511.1389223	514.1630889	516.8297963	519.1809152	521.2535428	523.0805093	524.6908413	526.1101821	527.3611713	528.4637857	529.4356453	530.2922855	531.0474001	531.7130568	532.2998886	532.8172633	534.9795671
60.4993736	89.63284484	121.529703	154.6358582	187.7324295	219.9298033	250.6213363	279.4265915	306.1374228	330.6719507	353.0375233	373.3020249	391.5722695	407.978105	422.6609779	435.7658978	447.4359514	457.808698	467.0139337	475.1724362	482.3954007	488.7843522	494.4313766	499.4195559	503.8235269	507.7101031	511.1389223	514.1630889	516.8297963	519.1809152	521.2535428	523.0805093	524.6908413	526.1101821	527.3611713	528.4637857	529.4356453	530.2922855	531.0474001	531.7130568	532.2998886	532.8172633	534.9795671
60.4993736	89.63284484	121.529703	154.6358582	187.7324295	219.9298033	250.6213363	279.4265915	306.1374228	330.6719507	353.0375233	373.3020249	391.5722695	407.978105	422.6609779	435.7658978	447.4359514	457.808698	467.0139337	475.1724362	482.3954007	488.7843522	494.4313766	499.4195559	503.8235269	507.7101031	511.1389223	514.1630889	516.8297963	519.1809152	521.2535428	523.0805093	524.6908413	526.1101821	527.3611713	528.4637857	529.4356453	530.2922855	531.0474001	531.7130568	532.2998886	532.8172633	534.9795671
60.4993736	89.63284484	121.529703	154.6358582	187.7324295	219.9298033	250.6213363	279.4265915	306.1374228	330.6719507	353.0375233	373.3020249	391.5722695	407.978105	422.6609779	435.7658978	447.4359514	457.808698	467.0139337	475.1724362	482.3954007	488.7843522	494.4313766	499.4195559	503.8235269	507.7101031	511.1389223	514.1630889	516.8297963	519.1809152	521.2535428	523.0805093	524.6908413	526.1101821	527.3611713	528.4637857	529.4356453	530.2922855	531.0474001	531.7130568	532.2998886	532.8172633	534.9795671
60.4993736	89.63284484	121.529703	154.6358582	187.7324295	219.9298033	250.6213363	279.4265915	306.1374228	330.6719507	353.0375233	373.3020249	391.5722695	407.978105	422.6609779	435.7658978	447.4359514	457.808698	467.0139337	475.1724362	482.3954007	488.7843522	494.4313766	499.4195559	503.8235269	507.7101031	511.1389223	514.1630889	516.8297963	519.1809152	521.2535428	523.0805093	524.6908413	526.1101821	527.3611713	528.4637857	529.4356453	530.2922855	531.0474001	531.7130568	532.2998886	532.8172633	534.9795671
60.4993736	89.63284484	121.529703	154.6358582	187.7324295	219.9298033	250.6213363	279.4265915	306.1374228	330.6719507	353.0375233	373.3020249	391.5722695	407.978105	422.6609779	435.7658978	447.4359514	457.808698	467.0139337	475.1724362	482.3954007	488.7843522	494.4313766	499.4195559	503.8235269	507.7101031	511.1389223	514.1630889	516.8297963	519.1809152	521.2535428	523.0805093	524.6908413	526.1101821	527.3611713	528.4637857	529.4356453	530.2922855	531.0474001	531.7130568	532.2998886	532.8172633	534.9795671
60.4993736	89.63284484	121.529703	154.6358582	187.7324295	219.9298033	250.6213363	279.4265915	306.1374228	330.6719507	353.0375233	373.3020249	391.5722695	407.978105	422.6609779	435.7658978	447.4359514	457.808698	467.0139337	475.1724362	482.3954007	488.7843522	494.4313766	499.4195559	503.8235269	507.7101031	511.1389223	514.1630889	516.8297963	519.1809152	521.2535428	523.0805093	524.6908413	526.1101821	527.3611713	528.4637857	529.4356453	530.2922855	531.0474001	531.7130568	532.2998886	532.8172633	534.9795671
60.4993736	89.63284484	121.529703	154.6358582	187.7324295	219.9298033	250.6213363	279.4265915	306.1374228	330.6719507	353.0375233	373.3020249	391.5722695	407.978105	422.6609779	435.7658978	447.4359514	457.808698	467.0139337	475.1724362	482.3954007	488.7843522	494.4313766	499.4195559	503.8235269	507.7101031	511.1389223	514.1630889	516.8297963	519.1809152	521.2535428	523.0805093	524.6908413	526.1101821	527.3611713	528.4637857	529.4356453	530.2922855	531.0474001	531.7130568	532.2998886	532.8172633	534.9795671
60.4993736	89.63284484	121.529703	154.6358582	187.7324295	219.9298033	250.6213363	279.4265915	306.1374228	330.6719507	353.0375233	373.3020249	391.5722695	407.978105	422.6609779	435.7658978	447.4359514	457.808698	467.0139337	475.1724362	482.3954007	488.7843522	494.4313766	499.4195559	503.8235269	507.7101031	511.1389223	514.1630889	516.8297963	519.1809152	521.2535428	523.0805093	524.6908413	526.1101821	527.3611713	528.4637857	529.4356453	530.2922855	531.0474001	531.7130568	532.2998886	532.8172633	534.9795671
60.4993736	89.63284484	121.529703	154.6358582	187.7324295	219.9298033	250.6213363	279.4265915	306.1374228	330.6719507	353.0375233	373.3020249	391.5722695	407.978105	422.6609779	435.7658978	447.4359514	457.808698	467.0139337	475.1724362	482.3954007	488.7843522	494.4313766	499.4195559	503.8235269	507.7101031	511.1389223	514.1630889	516.8297963	519.1809152	521.2535428	523.0805093	524.6908413	526.1101821	527.3611713	528.4637857	529.4356453	530.2922855	531.0474001	531.7130568	532.2998886	532.8172633	534.9795671
60.4993736	89.63284484	121.529703	154.6358582	187.7324295	219.9298033	250.6213363	279.4265915	306.1374228	330.6719507	353.0375233	373.3020249	391.5722695	407.978105	422.6609779	435.7658978	447.4359514	457.808698	467.0139337	475.1724362	482.3954007	488.7843522	494.4313766	499.4195559	503.8235269	507.7101031	511.1389223	514.1630889	516.8297963	519.1809152	521.2535428	523.0805093	524.6908413	526.1101821	527.3611713	528.4637857	529.4356453	530.2922855	531.0474001	531.7130568	532.2998886	532.8172633	534.9795671
60.4993736	89.63284484	121.529703	154.6358582	187.7324295	219.9298033	250.6213363	279.4265915	306.1374228	330.6719507	353.0375233	373.3020249	391.5722695	407.978105	422.6609779	435.7658978	447.4359514	457.808698	467.0139337	475.1724362	482.3954007	488.7843522	494.4313766	499.4195559	503.8235269	507.7101031	511.1389223	514.1630889	516.8297963	519.1809152	521.2535428	523.0805093	524.6908413	526.1101821	527.3611713	528.4637857	529.4356453	530.2922855	531.0474001	531.7130568	532.2998886	532.8172633	534.9795671
60.4993736	89.63284484	121.529703	154.6358582	187.7324295	219.9298033	250.6213363	279.4265915	306.1374228	330.6719507	353.0375233	373.3020249	391.5722695	407.978105	422.6609779	435.7658978	447.4359514	457.808698	467.0139337	475.1724362	482.3954007	488.7843522	494.4313766	499.4195559	503.8235269	507.7101031	511.1389223	514.1630889	516.8297963	519.1809152	521.2535428	523.0805093	524.6908413	526.1101821	527.3611713	528.4637857	529.4356453	530.2922855	531.0474001	531.7130568	532.2998886	532.8172633	534.9795671
60.4993736	89.63284484	121.529703	154.6358582	187.7324295	219.9298033	250.6213363	279.4265915	306.1374228	330.6719507	353.0375233	373.3020249	391.5722695	407.978105	422.6609779	435.7658978	447.4359514	457.808698	467.0139337	475.1724362	482.3954007	488.7843522	494.4313766	499.4195559	503.8235269	507.7101031	511.1389223	514.1630889	516.8297963	519.1809152	521.2535428	523.0805093	524.6908413	526.1101821	527.3611713	528.4637857	529.4356453	530.2922855	531.0474001	531.7130568	532.2998886	532.8172633	534.9795671
60.51026552	89.62358704	121.4942027	154.5723868	187.6423348	219.8162418	250.488292	279.2782106	305.9776112	330.5041618	352.8646733	373.1264876	391.3959143	407.8023579	422.4868881	435.5942047	447.2671451	457.6430728	466.8516329	475.0134895	482.2397547	488.6318946	494.2819549	499.2729924	503.6796297	507.5686746	510.9997654	514.0260112	516.6946135	519.0474525	521.1216366	522.9500077	524.5616041	525.9820806	527.2340879	528.3376136	529.3102878	530.1676552	530.9234181	531.5896523	532.1769981	532.6948299	534.8591164
60.51929999	89.61593371	121.4648121	154.519825	187.5677173	219.7221826	250.3780912	279.1553031	305.8452327	330.3651733	352.7214911	372.9810781	391.2498266	407.6567731	422.3426758	435.4519774	447.1273091	457.5058717	466.7171855	474.8818207	482.1108202	488.5056013	494.1581765	499.1515817	503.5604277	507.4515177	510.8844902	513.9124585	516.5826304	518.9368944	521.012368	522.8419026	524.4545464	525.8759636	527.1288143	528.2330951	529.2064441	530.0644138	530.8207138	531.4874264	532.075198	532.5934085	534.7593375
60.52679791	89.60960762	121.4404755	154.476288	187.5059028	219.6442562	250.2867871	279.0534678	305.7355476	330.2500093	352.6028507	372.8605911	391.1287767	407.5361394	422.2231789	435.3341251	447.0114379	457.3921838	466.6057794	474.7727168	482.003982	488.4009516	494.0556108	499.0509779	503.4616541	507.3544388	510.7889706	513.8183662	516.4898387	518.8452836	520.9218256	522.7523244	524.365836	525.7880328	527.0415825	528.1464888	529.120397	529.9788658	530.7356109	531.40272	531.9908444	532.5093686	534.6766586
60.55272028	89.59587812	121.3739657	154.3528788	187.3279419	219.4179581	250.0201859	278.7550144	305.4132511	329.910979	352.2531069	372.505045	390.7713039	407.1797011	421.8699593	434.9856677	446.6687705	457.0559284	466.2762453	474.4499778	481.6879391	488.091383	493.7522111	498.753389	503.1694878	507.0672945	510.5064481	513.5400748	516.2154034	518.574349	520.6540589	522.4874161	524.1035007	525.5280085	526.78363	527.8903907	528.8659562	529.7259043	530.4839684	531.1522523	531.7414221	532.260876	534.4321965
60.57317544	89.58658294	121.3248146	154.2606199	187.1942681	219.2475324	249.8190799	278.5296341	305.1696783	329.6546179	351.9885382	372.2360074	390.5007495	406.9098866	421.6025505	434.7218425	446.4093145	456.8013179	466.0267185	474.2055936	481.4486245	487.8569714	493.5224724	498.5280523	502.9482596	506.8498717	510.2925275	513.3293605	516.0076111	518.3692097	520.4513203	522.2868437	523.9048782	525.3311373	526.5883289	527.6964948	528.6733162	529.5343854	530.2934489	530.962623	531.552585	532.0727433	534.2471174
60.59010938	89.58007	121.2866844	154.18818	187.088798	219.1127076	249.6597207	278.3508421	304.9763049	329.450979	351.7782946	372.0221489	390.2856381	406.695329	421.3898809	434.5120053	446.2029401	456.5987895	465.8282287	474.0111914	481.2582536	487.6705005	493.3397189	498.3488014	502.7722781	506.6769184	510.1223616	513.1617463	515.8423226	518.2060326	520.2900538	522.1273013	523.7468876	525.1745405	526.4329816	527.5422659	528.5200867	529.382048	530.1419068	530.8117892	531.4023817	531.9231004	534.099904
60.55080206	89.58577291	121.3548069	154.3249776	187.2922761	219.3758059	249.9728915	278.7038505	305.3593484	329.8552977	352.1964344	372.4480067	390.7143819	407.123255	421.8142471	434.9308648	446.6149869	457.0032228	466.2246374	474.3994584	481.6384779	488.0429353	493.7047224	498.7067989	503.1237334	507.022312	510.4621747	513.4964497	516.1723687	518.5318501	520.6120449	522.4458397	524.0623183	525.4871801	526.7431192	527.8501644	528.8259842	529.6861596	530.4444264	531.1128911	531.7022219	532.221819	534.3937638
60.50591953	89.59291254	121.4339507	154.4832675	187.5273694	219.6795423	250.3342597	279.1110569	305.8011031	330.3215147	352.6785329	372.9389624	391.2086344	407.6165427	422.3034155	435.4136746	447.0899364	457.4693918	466.6815542	474.8469895	482.0767388	488.4722182	494.1254407	499.1194432	503.5288383	507.4204315	510.8538635	513.8822504	516.5528025	518.9074112	520.9831966	522.8130128	524.4259102	525.8475558	527.1006118	528.2050767	529.1785907	530.0367082	530.7931405	531.4599712	532.0478483	532.5661528	534.7324983
60.4550795	89.60145314	121.5245813	154.6640776	187.7956585	220.0259963	250.7463266	279.5753002	306.3046642	330.8529081	353.2279887	373.4984835	391.7718908	408.1786837	422.8608508	435.9638559	447.631155	458.000601	467.2022181	475.3569571	482.576142	488.9613909	494.6048542	499.5896568	503.9904614	507.8740953	511.3002001	514.321878	516.9863152	519.335372	521.4061333	523.2314162	524.8402334	526.2582144	527.5079852	528.6095102	529.580397	530.4361697	531.1905116	531.8554807	532.4417013	532.9585331	535.1184984
60.50148103	89.59600732	121.4469493	154.5068742	187.5611048	219.722226	250.3843863	279.1670525	305.8614813	330.3849591	352.7439305	373.0054063	391.2754098	407.6831041	422.3693611	435.4787208	447.1538948	457.532149	466.7430545	474.9072206	482.1357201	488.5299918	494.182064	499.1749834	503.583368	507.4740254	510.9065963	513.9341949	516.6040288	518.9579854	521.0331807	522.8624644	524.4748826	525.8960977	527.1487677	528.2528872	529.2260925	530.0839344	530.8401209	531.5067328	532.0944151	532.6125465	534.7781409
60.53571973	89.59744971	121.4014897	154.4090595	187.412008	219.526995	250.1502203	278.9017728	305.5726333	330.0793168	352.4272767	372.6824876	390.9499921	407.3580804	422.0468783	435.160308	446.8405826	457.2245748	466.4415517	474.6118935	481.8465039	488.2467015	493.904432	498.9026891	503.3160603	507.2113396	510.6481664	513.6796625	516.3530491	518.7102316	520.788346	522.6202637	524.2350526	525.6583968	526.9129752	528.0188025	528.9935338	529.8527376	530.6101381	531.277831	531.8664751	532.3854614	534.5547575
60.3875195	89.64845218	121.7222084	155.0230609	188.308717	220.6751805	251.5087423	280.4270079	307.2230525	331.8179502	354.2227506	374.5091691	392.7876243	409.191164	423.8639624	436.9532841	448.6040339	458.955204	468.1376961	476.2731217	483.4732892	489.8401606	495.4661196	500.4344393	504.819865	508.6892579	512.102258	515.1119401	517.7654453	520.1045774	522.166358	523.9835372	525.5850599	526.9964889	528.2403857	529.336653	530.3028406	531.1544186	531.9050204	532.5666582	533.149914	533.6641093	535.8126411
60.14596432	89.75973789	122.3059193	156.1175914	189.893914	222.6957389	253.8926991	283.0984553	310.1099384	334.8562542	357.3582158	377.6975127	395.9938827	412.3886101	427.0328702	440.0797043	451.6786668	461.9724107	471.0946582	479.169146	486.3092421	492.6180173	498.1886094	503.1047709	507.4415176	511.2658241	514.6373289	517.609023	520.2279071	522.5356072	524.5689449	526.360459	527.9388803	529.32956	530.5548551	531.6344734	532.5857815	533.4240784	534.162839	534.81393	535.3878004	535.8936503	538.0060041
59.90589993	89.86433555	122.8730343	157.1853857	191.4429814	224.6720538	256.2257888	285.7139045	312.9370693	337.8322428	360.4298046	380.8212253	399.1353856	415.5216529	430.1380749	443.1433635	454.6916383	464.9291466	473.9923807	482.0071637	489.088396	495.3402372	500.8565663	505.721607	510.010641	513.790755	517.1215863	520.0560444	522.6409923	524.9178822	526.9233396	528.6896964	530.2454733	531.6158142	532.8228757	533.8861748	534.822898	535.6481767	536.3753308	537.0160841	537.5807552	538.0784251	540.1553202
59.58704189	90.01689336	123.6557968	158.6490307	193.5603205	227.3691986	259.4067602	289.2775369	316.7873759	341.8839589	364.6106829	385.0723086	403.4101302	419.784484	434.3627403	447.3113026	458.7904808	468.9513957	477.9342945	485.867829	492.8689756	499.0433696	504.4858933	509.2814086	513.5055562	517.2255737	520.5010958	523.3849201	525.923722	528.1587168	530.1262632	531.8584116	533.3833969	534.7260814	535.9083489	536.9494566	537.8663468	538.6739229	539.3852937	540.011989	540.5641498	541.0506958	543.0793663
59.7089367	89.84772261	123.1165401	157.7203832	192.2641571	225.7510924	257.5227253	287.1851655	314.5405381	339.5300637	362.1896339	382.6164984	400.9450138	417.3294282	431.9319617	444.9147824	456.4347999	466.6404636	475.6699664	483.6504162	490.6976592	496.9165302	502.4013707	507.236702	511.4979775	515.2523611	518.5594985	521.4722573	524.0374247	526.2963541	528.2855585	530.0372501	531.579828	532.9383153	534.134752	535.1885432	536.1167709	536.9344683	537.6548646	538.2896003	538.8489176	539.3418282	541.3981222
59.70766876	89.78416624	122.9807247	157.5125508	191.9908459	225.422038	257.1487307	286.7767784	314.1073183	339.080246	361.7300411	382.1525995	400.4810582	416.8686123	431.4766006	444.4664724	455.9945635	466.2088749	475.2472564	483.2365593	490.2924431	496.519612	502.0123205	506.8550363	511.1231852	514.8839228	518.1969002	521.1150007	523.6850335	525.948379	527.9415791	529.6968767	531.2427009	532.6041051	533.8031576	534.8592912	535.7896133	536.6091812	537.3312461	537.9674688	538.5281101	539.0221986	541.0836177
59.64849001	89.76775089	123.0291519	157.6352538	192.1874114	225.6857442	257.4695612	287.1435909	314.5092287	339.5074071	362.1740009	382.6063921	400.9391369	417.3267018	431.9315156	444.9159325	456.43702	466.6433576	475.6732423	483.6538635	490.7011304	496.9199258	502.4046266	507.2397803	511.5008589	515.2550398	518.5619774	521.4745452	524.039534	526.2982992	528.2873545	530.0389122	531.5813706	532.9397523	534.1360959	535.1898057	536.1179623	536.935598	537.6559408	538.2906302	538.8499076	539.3427838	541.3989601
59.56022248	89.7723861	123.1644337	157.9152341	192.6084581	226.2332796	258.1235695	287.8824836	315.3122596	340.3559972	363.0523169	383.5014553	401.8406617	418.2267961	432.8243303	445.7973082	457.3041605	467.4945415	476.5075778	484.471085	491.5014328	497.7038323	503.172885	507.993282	512.240578	515.9819865	519.2771647	522.1789644	524.734138	526.9839913	528.9649821	530.7092631	532.2451721	533.5976717	534.7887427	535.837734	536.7616741	537.5755467	538.2925351	538.9242372	539.4808566	539.9713698	542.0173125
59.48590772	89.78947962	123.3068925	158.1948804	193.020867	226.7641161	258.7536823	288.5914455	316.0805604	341.1662319	363.8896934	384.3538744	402.6985518	419.0828268	433.6730795	446.6349308	458.1280821	468.3031886	477.3001491	485.2473614	492.261623	498.4484495	503.9026501	508.7090485	512.9432747	516.6725748	519.9566069	522.8482013	525.3940734	527.6354817	529.6088305	531.346216	532.8759185	534.2228438	535.4089176	536.4534367	537.3733801	538.1836857	538.897494	539.5263639	540.0804632	540.5687357	542.6049699
59.40659983	89.80889717	123.4614686	158.4972313	193.4661493	227.3368477	259.4332206	289.35579	316.9087074	342.03945	364.7920662	385.2723847	403.6229036	420.0051357	434.5875148	447.5373583	459.0157344	469.1743756	478.1540111	486.0836649	493.0805946	499.2506435	504.6888438	509.480162	513.700309	517.4165656	520.6885911	523.5691925	526.1050452	528.3373566	530.3024737	532.0324314	533.5554482	534.8963688	536.0770598	537.1167613	538.0323995	538.8388626	539.5492452	540.1750642	540.7264487	541.2123074	543.2380825
59.1532625	89.86260802	123.9372337	159.4353566	194.8520244	229.1223176	261.5537944	291.7426097	319.4959688	344.7684292	367.6128419	388.1441149	406.5132743	422.8893938	437.4473483	450.3597777	461.7920389	471.8992444	480.82473	488.6994851	495.6422121	501.7597826	507.1479306	511.8920704	516.0681677	519.7436137	522.9780714	525.8242757	528.3287772	530.5326242	532.4719834	534.1786993	535.6807966	537.0029285	538.1667764	539.1914042	540.0935716	540.8880119	541.5876762	542.2039494	542.7468399	543.2251465	545.2182012
58.86251686	89.9261667	124.4874022	160.5183923	196.4509614	231.181591	263.9990566	294.4945076	322.4786838	347.9143098	370.8643823	391.4542715	409.8448284	426.2138373	440.7435927	453.6128652	464.991952	475.0398581	483.9029218	491.7143965	498.5946481	504.6517329	509.9821926	514.6719574	518.7972864	522.4256975	525.616858	528.4234194	530.8917886	533.0628303	534.9725036	536.6524332	538.1304204	539.4308982	540.5753344	541.5825895	542.4692316	543.2498153	543.9371265	544.542398	545.0754989	545.5451014	547.5004439
58.84998305	89.93344349	124.5209432	160.5801891	196.5398132	231.2943933	264.1318135	294.6430238	322.6389879	348.0828788	371.0382342	391.6309749	410.022465	426.3909419	440.919085	453.7859822	465.1621859	475.2069021	484.066624	491.8747212	498.7516454	504.8055136	510.1329087	514.8197871	518.9424227	522.5683395	525.7572044	528.5616645	531.0281186	533.1974216	535.1055215	536.7840314	538.2607408	539.5600708	540.703478	541.7098119	542.5956309	543.3754798	544.0621359	544.6668238	545.1994054	545.6685462	547.6218862
58.83654259	89.94159536	124.5576651	160.6476161	196.6366209	231.4171982	264.2762699	294.8045736	322.8133184	348.2661658	371.2272417	391.8230647	410.2155562	426.5834454	441.1098294	453.9741402	465.3472073	475.3884549	484.2445436	492.0489699	498.922278	504.9726508	510.2967158	514.9804581	519.1001673	522.7233739	525.9097449	528.7119219	531.1762954	533.3437095	535.2501002	536.9270677	538.4023888	539.7004717	540.842761	541.8480944	542.733019	543.5120696	544.198014	544.8020679	545.3340853	545.8027244	547.753889
58.92976924	90.01960521	124.594294	160.6279717	196.5559531	231.2779449	264.0851199	294.5701795	322.5447457	347.9719583	370.9149343	391.4989949	409.884857	426.2501388	440.7769662	453.6439551	465.0212685	475.0677999	483.9297966	491.7404396	498.6200386	504.6766064	510.0066512	514.6960781	518.8211276	522.4493033	525.6402623	528.4466486	530.9148632	533.085767	534.9953161	536.6751328	538.1530172	539.4534007	540.5977503	541.6049258	542.4914948	543.2720113	543.9592608	544.5644756	545.0975247	545.5670798	547.5221805
58.74892806	90.33853588	125.5414586	162.2319688	198.7772911	234.0383911	267.2897278	298.1219093	326.3531477	351.9576166	375.0111182	395.6516067	414.0514354	430.3984158	444.8832879	457.6917445	468.9996272	478.970288	487.7534012	495.4847222	502.2864438	508.2679107	513.5265304	518.1487723	522.2111858	525.781393	528.9190292	531.6766173	534.1003685	536.2309092	538.1039346	539.7507937	541.1990096	542.472742	543.5931952	544.5789789	545.4464257	546.2098704	546.8818958	547.4735477	547.9945244	548.4533424	550.3618291
58.74892806	90.33853588	125.5414586	162.2319688	198.7772911	234.0383911	267.2897278	298.1219093	326.3531477	351.9576166	375.0111182	395.6516067	414.0514354	430.3984158	444.8832879	457.6917445	468.9996272	478.970288	487.7534012	495.4847222	502.2864438	508.2679107	513.5265304	518.1487723	522.2111858	525.781393	528.9190292	531.6766173	534.1003685	536.2309092	538.1039346	539.7507937	541.1990096	542.472742	543.5931952	544.5789789	545.4464257	546.2098704	546.8818958	547.4735477	547.9945244	548.4533424	550.3618291
# fishery weight at age (by year (row) and age (col)) 
75.80565927	128.8723515	188.5716877	250.0098203	309.6912654	365.4145447	415.9913786	460.9538389	500.3084759	534.3502384	563.5307271	588.3697494	609.3989625	627.1281434	642.0267936	654.5157532	664.9650862	673.695687	680.9829247	687.0612404	692.1290258	696.3533856	699.874567	702.8099506	705.257571	707.2991741	709.0028425	710.4252309	711.6134565	712.6066907	713.4374931	714.1329267	714.7154886	715.2038835	715.6136684	715.9577867	716.2470123	716.4903179	716.6951799	716.867832	717.013475	717.1364509	717.5805598
75.80565927	128.8723515	188.5716877	250.0098203	309.6912654	365.4145447	415.9913786	460.9538389	500.3084759	534.3502384	563.5307271	588.3697494	609.3989625	627.1281434	642.0267936	654.5157532	664.9650862	673.695687	680.9829247	687.0612404	692.1290258	696.3533856	699.874567	702.8099506	705.257571	707.2991741	709.0028425	710.4252309	711.6134565	712.6066907	713.4374931	714.1329267	714.7154886	715.2038835	715.6136684	715.9577867	716.2470123	716.4903179	716.6951799	716.867832	717.013475	717.1364509	717.5805598
75.80565927	128.8723515	188.5716877	250.0098203	309.6912654	365.4145447	415.9913786	460.9538389	500.3084759	534.3502384	563.5307271	588.3697494	609.3989625	627.1281434	642.0267936	654.5157532	664.9650862	673.695687	680.9829247	687.0612404	692.1290258	696.3533856	699.874567	702.8099506	705.257571	707.2991741	709.0028425	710.4252309	711.6134565	712.6066907	713.4374931	714.1329267	714.7154886	715.2038835	715.6136684	715.9577867	716.2470123	716.4903179	716.6951799	716.867832	717.013475	717.1364509	717.5805598
75.80565927	128.8723515	188.5716877	250.0098203	309.6912654	365.4145447	415.9913786	460.9538389	500.3084759	534.3502384	563.5307271	588.3697494	609.3989625	627.1281434	642.0267936	654.5157532	664.9650862	673.695687	680.9829247	687.0612404	692.1290258	696.3533856	699.874567	702.8099506	705.257571	707.2991741	709.0028425	710.4252309	711.6134565	712.6066907	713.4374931	714.1329267	714.7154886	715.2038835	715.6136684	715.9577867	716.2470123	716.4903179	716.6951799	716.867832	717.013475	717.1364509	717.5805598
75.80565927	128.8723515	188.5716877	250.0098203	309.6912654	365.4145447	415.9913786	460.9538389	500.3084759	534.3502384	563.5307271	588.3697494	609.3989625	627.1281434	642.0267936	654.5157532	664.9650862	673.695687	680.9829247	687.0612404	692.1290258	696.3533856	699.874567	702.8099506	705.257571	707.2991741	709.0028425	710.4252309	711.6134565	712.6066907	713.4374931	714.1329267	714.7154886	715.2038835	715.6136684	715.9577867	716.2470123	716.4903179	716.6951799	716.867832	717.013475	717.1364509	717.5805598
75.80565927	128.8723515	188.5716877	250.0098203	309.6912654	365.4145447	415.9913786	460.9538389	500.3084759	534.3502384	563.5307271	588.3697494	609.3989625	627.1281434	642.0267936	654.5157532	664.9650862	673.695687	680.9829247	687.0612404	692.1290258	696.3533856	699.874567	702.8099506	705.257571	707.2991741	709.0028425	710.4252309	711.6134565	712.6066907	713.4374931	714.1329267	714.7154886	715.2038835	715.6136684	715.9577867	716.2470123	716.4903179	716.6951799	716.867832	717.013475	717.1364509	717.5805598
75.80565927	128.8723515	188.5716877	250.0098203	309.6912654	365.4145447	415.9913786	460.9538389	500.3084759	534.3502384	563.5307271	588.3697494	609.3989625	627.1281434	642.0267936	654.5157532	664.9650862	673.695687	680.9829247	687.0612404	692.1290258	696.3533856	699.874567	702.8099506	705.257571	707.2991741	709.0028425	710.4252309	711.6134565	712.6066907	713.4374931	714.1329267	714.7154886	715.2038835	715.6136684	715.9577867	716.2470123	716.4903179	716.6951799	716.867832	717.013475	717.1364509	717.5805598
75.80565927	128.8723515	188.5716877	250.0098203	309.6912654	365.4145447	415.9913786	460.9538389	500.3084759	534.3502384	563.5307271	588.3697494	609.3989625	627.1281434	642.0267936	654.5157532	664.9650862	673.695687	680.9829247	687.0612404	692.1290258	696.3533856	699.874567	702.8099506	705.257571	707.2991741	709.0028425	710.4252309	711.6134565	712.6066907	713.4374931	714.1329267	714.7154886	715.2038835	715.6136684	715.9577867	716.2470123	716.4903179	716.6951799	716.867832	717.013475	717.1364509	717.5805598
75.80565927	128.8723515	188.5716877	250.0098203	309.6912654	365.4145447	415.9913786	460.9538389	500.3084759	534.3502384	563.5307271	588.3697494	609.3989625	627.1281434	642.0267936	654.5157532	664.9650862	673.695687	680.9829247	687.0612404	692.1290258	696.3533856	699.874567	702.8099506	705.257571	707.2991741	709.0028425	710.4252309	711.6134565	712.6066907	713.4374931	714.1329267	714.7154886	715.2038835	715.6136684	715.9577867	716.2470123	716.4903179	716.6951799	716.867832	717.013475	717.1364509	717.5805598
75.80565927	128.8723515	188.5716877	250.0098203	309.6912654	365.4145447	415.9913786	460.9538389	500.3084759	534.3502384	563.5307271	588.3697494	609.3989625	627.1281434	642.0267936	654.5157532	664.9650862	673.695687	680.9829247	687.0612404	692.1290258	696.3533856	699.874567	702.8099506	705.257571	707.2991741	709.0028425	710.4252309	711.6134565	712.6066907	713.4374931	714.1329267	714.7154886	715.2038835	715.6136684	715.9577867	716.2470123	716.4903179	716.6951799	716.867832	717.013475	717.1364509	717.5805598
75.80565927	128.8723515	188.5716877	250.0098203	309.6912654	365.4145447	415.9913786	460.9538389	500.3084759	534.3502384	563.5307271	588.3697494	609.3989625	627.1281434	642.0267936	654.5157532	664.9650862	673.695687	680.9829247	687.0612404	692.1290258	696.3533856	699.874567	702.8099506	705.257571	707.2991741	709.0028425	710.4252309	711.6134565	712.6066907	713.4374931	714.1329267	714.7154886	715.2038835	715.6136684	715.9577867	716.2470123	716.4903179	716.6951799	716.867832	717.013475	717.1364509	717.5805598
75.80565927	128.8723515	188.5716877	250.0098203	309.6912654	365.4145447	415.9913786	460.9538389	500.3084759	534.3502384	563.5307271	588.3697494	609.3989625	627.1281434	642.0267936	654.5157532	664.9650862	673.695687	680.9829247	687.0612404	692.1290258	696.3533856	699.874567	702.8099506	705.257571	707.2991741	709.0028425	710.4252309	711.6134565	712.6066907	713.4374931	714.1329267	714.7154886	715.2038835	715.6136684	715.9577867	716.2470123	716.4903179	716.6951799	716.867832	717.013475	717.1364509	717.5805598
75.80565927	128.8723515	188.5716877	250.0098203	309.6912654	365.4145447	415.9913786	460.9538389	500.3084759	534.3502384	563.5307271	588.3697494	609.3989625	627.1281434	642.0267936	654.5157532	664.9650862	673.695687	680.9829247	687.0612404	692.1290258	696.3533856	699.874567	702.8099506	705.257571	707.2991741	709.0028425	710.4252309	711.6134565	712.6066907	713.4374931	714.1329267	714.7154886	715.2038835	715.6136684	715.9577867	716.2470123	716.4903179	716.6951799	716.867832	717.013475	717.1364509	717.5805598
77.55663266	129.6185423	187.8266625	247.4313042	305.1123744	358.8231717	407.4895697	450.7157618	488.5452662	521.284026	549.3772592	573.3279445	593.6455616	610.8158486	625.2846301	637.4507321	647.6645276	656.2297857	663.4072977	669.4193064	674.4541423	678.6707155	682.202674	685.1621425	687.6430151	689.723813	691.4701393	692.9367698	694.1694226	695.2062509	696.0790949	696.8145316	697.4347507	697.9582872	698.40063	698.7747307	699.0914254	699.3597868	699.5874166	699.7806891	699.9449534	700.0847024	700.6114845
75.03658742	130.0071763	192.6217229	257.5374199	320.8481283	380.0508153	433.7710381	481.4494335	523.0686429	558.9426189	589.5658511	615.5116122	637.3670355	655.6943516	671.0098978	683.7747174	694.3923851	703.2110865	710.5279864	716.5946348	721.6226357	725.7891333	729.2418724	732.103725	734.4766548	736.4451349	738.0790633	739.4362278	740.5643759	741.502946	742.2845087	742.9359631	743.479528	743.9335616	744.313238	744.6311056	744.8975474	745.1211598	745.3090657	745.467171	745.600377	745.7127546	746.1220085
74.82375772	126.9913359	185.2666776	245.0607369	303.1132935	357.3696472	406.7135279	450.6963214	489.3115185	522.8240703	551.6490709	576.2696914	597.1842903	614.8742301	629.7858528	642.3218102	652.8383459	661.6461888	669.01349	675.1697801	680.3102993	684.600308	688.1791547	691.1639843	693.6530431	695.7285743	697.4593248	698.9026951	700.106571	701.1108753	701.9488756	702.6482856	703.2321869	703.7198017	704.127137	704.4675236	704.7520642	704.990007	705.1890573	705.355636	705.4950947	705.6118956	706.0081865
81.1121971	131.0865933	186.3896892	243.0591875	298.2235951	350.0258192	397.4177924	439.9411998	477.5386096	510.4066124	538.8887521	563.4012445	584.3837597	602.2684402	617.4616967	630.3346592	641.2192942	650.4080854	658.1558317	664.6825986	670.1771933	674.8007683	678.6903164	681.9619229	684.713712	687.0284639	688.9759094	690.6147187	691.9942127	693.1558268	694.1343555	694.9590094	695.6543065	696.2408261	696.7358417	697.1538542	697.5070396	697.8056236	698.0581972	698.2719802	698.4530425	698.6064892	699.1662841
95.36029977	140.622694	189.4507699	238.8945948	286.847192	331.9513103	373.4375939	410.9638752	444.4802281	474.1248128	500.1477222	522.8575895	542.5855758	559.6620894	574.4025388	587.0993218	598.0179983	607.3961841	615.4441416	622.3463667	628.263702	633.3356696	637.6828276	641.4090337	644.6035509	647.3429606	649.6928761	651.7094569	653.4407367	654.92778	656.2056826	657.3044361	658.2496702	659.0632897	659.7640198	660.3678724	660.8885438	661.3377545	661.7255386	662.0604908	662.3499763	662.6003104	663.6258442
95.85836665	141.6936911	191.4172296	241.875312	290.8118664	336.781549	378.9755899	417.0452602	450.9533398	480.8600815	507.0406193	529.8277922	549.5741913	566.6281153	581.3192581	593.9509997	604.7970467	614.1008345	622.076601	628.9113993	634.7675685	639.7853556	644.0855002	647.7716744	650.9327197	653.6446581	655.9724749	657.9716827	659.6896819	661.1669384	662.4379973	663.5323528	664.4751934	665.2880378	665.9892773	666.5946381	667.1175754	667.5696074	667.9606008	668.2990132	668.5920988	668.8460843	669.9011107
104.6261953	147.9884984	194.3778787	241.1292912	286.3561101	328.8584474	367.9688992	403.4023443	435.1319384	463.2948666	488.1244126	509.9029689	528.9307503	545.5058265	559.9120731	572.4125106	583.2462179	592.6275382	600.7466995	607.7712521	613.8479304	619.1046831	623.6527118	627.5884242	630.9952482	633.9452815	636.5007709	638.7154236	640.6355602	642.3011236	643.7465553	645.0015566	646.0917463	647.039228	647.8630795	648.5797737	649.2035406	649.7466789	650.2198235	650.632175	650.9916982	651.305291	652.6534578
114.8033865	155.2812251	197.8097592	240.3704913	281.5216282	320.3296584	356.2595711	389.0675369	418.7111541	445.2800521	468.9448312	489.9208661	508.4434826	524.7515104	539.0768394	551.6381777	562.637687	572.259542	580.6697393	588.0166865	594.4322482	600.0330336	604.9217819	609.188752	612.9130625	616.1639471	619.0019091	621.4797692	623.6436066	625.5335972	627.1847573	628.6275986	629.8887044	630.9912347	631.9553675	632.7986847	633.5365083	634.1821934	634.7473827	635.2422294	635.675589	636.055188	637.7224347
114.9855208	155.5119235	198.1182861	240.7518254	281.9525631	320.7810855	356.7039051	389.48234	419.0802907	445.5934458	469.1975536	490.1120061	508.5750397	524.8274322	539.1022422	551.6187511	562.5792606	572.167787	580.549976	587.8737711	594.270519	599.8562976	604.7333284	608.9913843	612.7091392	615.9554278	618.7904017	621.2665756	623.4297655	625.319924	626.971879	628.4159853	629.6786968	630.7830677	631.7491906	632.594579	633.3345012	633.9822703	634.5494978	635.0463131	635.4815551	635.8629392	637.5414313
110.3559543	152.496231	197.3089819	242.3278819	285.8150182	326.6725465	364.2960638	398.4332116	429.0679575	456.3333627	480.4491879	501.6790414	520.3020395	536.5948349	550.8208379	563.2242995	574.0275938	583.4305445	591.6110027	598.7261451	604.9141448	610.295988	614.9772982	619.0500838	622.5943635	625.6796487	628.3662742	630.7065834	632.7459726	634.5238092	636.0742328	637.4268531	638.6073573	639.6380355	640.5382369	641.324764	642.0122141	642.6132737	643.1389739	643.5989106	644.001435	644.3538186	645.8986092
97.72588339	142.5019887	190.7067643	239.4661447	286.7301591	331.181149	372.0746691	409.0819311	442.1578771	471.4396333	497.1724571	519.657946	539.2191867	556.1782773	570.8426036	583.4971437	594.4008075	603.7853943	611.8561799	618.7934589	624.7545889	629.8762435	634.2766872	638.0579594	641.3079059	644.1020258	646.505126	648.5727849	650.3526366	651.8854904	653.2063014	654.3450083	655.3272556	656.175013	656.9071073	657.5396773	658.086563	658.5596381	658.9690946	659.3236853	659.6309312	659.8972982	661.0044106
109.8327907	151.4394207	195.4403307	239.6228558	282.3999067	322.7394863	360.0471415	394.0494195	424.6955198	452.0807642	476.3900315	497.8575442	516.7392557	533.2945688	547.7747627	560.4161255	571.4363073	581.0328234	589.382947	596.6444616	602.9569106	608.4431004	613.2106965	617.353812	620.9545251	624.0842922	626.8052394	629.1713266	631.2293861	633.0200442	634.5785314	635.9353933	637.1171124	638.1466489	639.0439116	639.8261664	640.5083906	641.1035799	641.6230141	642.0764864	642.4725031	642.8184549	644.3162235
114.0815034	154.4070475	196.6812449	238.9912827	279.9549542	318.6610995	354.573479	387.4347957	417.1846268	443.8945658	467.719464	488.8621198	507.5485259	524.0110822	538.477647	551.1647638	562.2738121	571.9891564	580.4776276	587.8888598	594.3561508	599.997617	604.9174875	609.2074363	612.9478861	616.2092461	619.0530604	621.5330571	623.6960962	625.5830176	627.229396	628.6662076	629.9204181	631.0154984	631.9718766	632.8073326	633.5373428	634.1753802	634.7331754	635.2209445	635.6475862	636.0208538	637.6490529
108.9244313	150.4752828	194.3540126	238.4153618	281.11119	321.4240885	358.7583893	392.8311559	423.579076	451.0850682	475.5233124	497.1196392	516.1239439	532.7916421	547.3717171	560.0994595	571.1924632	580.8488301	589.2468251	596.5454494	602.8855589	608.3912765	613.1715276	617.3215919	620.9246005	624.0529416	626.7695514	629.1290836	631.1789571	632.9602871	634.5087065	635.8550879	637.026175	638.0451336	638.9320309	639.7042519	640.3768603	640.9629113	641.4737227	641.9191084	642.3075816	642.6465292	644.1036181
105.260638	147.5605553	192.4021549	237.5331897	281.3197605	322.6812052	360.9795442	395.9071599	427.3897733	455.5092764	480.4455157	502.4340897	521.7368156	538.6217949	553.3505275	566.1700617	577.3086594	586.9738477	595.3520431	602.6091705	608.8918734	614.3290416	619.0334705	623.1035356	626.6248056	629.6715536	632.3081421	634.5902753	636.566117	638.2772825	639.75971	641.0444254	642.1582084	643.1241716	643.9622637	644.6897037	645.3213576	645.8700624	646.3469063	646.7614699	647.1220341	647.4357587	648.7638577
108.9445001	150.4381564	194.2346514	238.215828	280.8482461	321.1198905	358.4348084	392.506894	423.2685981	450.7985822	475.2672708	496.8974418	515.9366606	532.6386632	547.2512972	560.0091473	571.1294275	580.8100965	589.2294417	596.5465959	602.9026144	608.4218554	613.2134948	617.3730622	620.9839288	624.1187062	626.840535	629.2042523	631.2574397	633.0413548	634.5917542	635.9396172	637.1117785	638.1314812	639.0188576	639.7913473	640.4640595	641.050087	641.5607785	642.0059733	642.3942049	642.7328768	644.1871199
97.98112942	142.2689752	189.7655772	237.8000306	284.4414839	328.4241924	369.0120382	405.8604663	438.8979624	468.2327039	494.0829671	516.7273769	536.4706528	553.6209434	568.4755462	581.3125281	592.3863895	601.9264178	610.1367671	617.1975914	623.2667706	628.4819223	632.9624978	636.8118387	640.119119	642.9611317	645.4039056	647.5041464	649.3105105	650.8647207	652.202539	653.3546103	654.3471915	655.2027795	655.940652	656.5773305	657.1269783	657.6017407	658.0120362	658.3668054	658.6737243	658.9393856	660.0324809
91.84885437	138.6840642	189.7060151	241.513549	291.7016091	338.7495935	381.8218024	420.5713942	454.9785074	485.2277137	511.6203151	534.5143016	554.2849494	571.3001907	585.9062122	598.4199288	609.1259363	618.2762712	626.0918433	632.7647807	638.4611961	643.3240639	647.4760212	651.0219865	654.051544	656.6410747	658.8556352	660.750598	662.3730731	663.7631323	664.9548601	665.9772515	666.8549784	667.6090407	668.257321	668.8150544	669.2952282	669.7089194	670.0655823	670.3732911	670.6389463	670.8684496	671.805673
102.7510501	146.2727879	192.8205614	239.7623189	285.2234871	327.9996976	367.4102108	403.1538707	435.1889026	463.6405252	488.733581	510.7453655	529.9738052	546.7168442	561.2597702	573.8680177	584.7836507	594.2242455	602.38328	609.4314163	615.518266	620.7743677	625.313205	629.23316	632.6193411	635.5452558	638.0743166	640.2611807	642.1529313	643.7901125	645.2076312	646.4355399	647.4997137	648.4224351	649.222898	649.9176407	650.5209195	651.0450279	651.5005722	651.8967074	652.2413395	652.5412996	653.8152008
101.8092392	145.5663111	192.4265213	239.7161103	285.5282058	328.6361501	368.3456228	404.3486551	436.6014983	465.2305982	490.463957	512.5830389	531.8903139	548.6882337	563.2663093	575.8937816	586.8160483	596.2535407	604.4021358	611.43448	617.5018012	622.7359359	627.2513948	631.1473593	634.509549	637.4119287	639.9182428	642.0833808	643.9545788	645.5724716	646.9720092	648.1832504	649.2320496	650.140649	650.9281883	651.6111426	652.2036992	652.7180803	653.1648201	653.5530023	653.8904639	654.1839698	655.4255736
106.0011217	149.024518	194.9773343	241.2846146	286.1109786	328.2799929	367.1303877	402.3734912	433.9741947	462.0597068	486.8533104	508.6282342	527.6767349	544.2902191	558.7471331	571.3061731	582.2030423	591.6495017	599.8338465	606.9222172	613.0603535	618.3755343	622.9785428	626.9655595	630.4199282	633.4137684	636.0094236	638.2607504	640.2142528	641.9100775	643.3828807	644.6625807	645.7750106	646.7424814	647.5842692	648.317034	648.9551809	649.5111712	649.9957897	650.4183751	650.7870181	651.1087314	652.4955463
81.84652856	131.430994	186.1290237	241.9608738	296.1096403	346.797203	393.0507758	434.4714468	471.042567	502.9847475	530.6523369	554.4628613	574.8510367	592.2403208	607.0265577	619.5697046	630.1907742	639.1720106	646.75895	653.1634791	658.5673159	663.1255588	666.9700934	670.2127421	672.9481038	675.2560686	677.2040168	678.8487229	680.2379913	681.4120548	682.4047643	683.2445968	683.9555091	684.5576565	685.0680001	685.5008162	685.8681253	686.1800526	686.4451306	686.6705525	686.8623861	687.025752	687.6397113
80.24779953	129.5428937	183.7434022	239.0706068	292.8251839	343.2764568	389.4533499	430.9340882	467.6693168	499.846021	527.7886821	551.8906441	572.5684375	590.2327974	605.2714168	618.0396982	628.8567896	638.0049825	645.7311452	652.2492943	657.7437134	662.3722419	666.2695019	669.54993	672.310545	674.6334248	676.5878897	678.2324071	679.6162389	680.7808563	681.7611505	682.5864625	683.2814578	683.8668663	684.3601083	684.7758216	685.1263059	685.4218972	685.6712817	685.8817606	686.0594715	686.2095753	686.7428075
80.08545324	129.6061664	184.1394748	239.8333684	293.937813	344.6934822	391.1172914	432.7862996	469.6561679	501.9218072	529.916453	554.041832	574.7218807	592.3735351	607.3894732	620.1289712	630.9140942	640.0292609	647.7228358	654.2098396	659.6751866	664.2770695	668.150263	671.4092153	674.1508615	676.4571348	678.3971748	680.0292509	681.4024219	682.5579602	683.5305677	684.3494092	685.0389887	685.6198908	686.1094057	686.522056	686.8700406	687.1636074	687.4113663	687.6205527	687.797248	687.9465651	688.4792534
75.81737785	127.4331382	184.8972749	243.7140249	300.7212722	353.9447403	402.3241178	445.4438298	483.3122834	516.1965376	544.5056093	568.7119687	589.3011751	606.7413594	621.4662186	633.8669043	644.2895556	653.0362482	660.3678698	666.5079539	671.6468589	675.945922	679.5413761	682.5479225	685.0619144	687.1641486	688.9222848	690.3929227	691.6233725	692.6531575	693.5152826	694.2373028	694.84222	695.3492346	695.774375	696.1310227	696.430352	696.6816955	696.8928504	697.0703326	697.219589	697.3451749	697.7838357
104.9228755	148.6403095	195.569595	242.8840027	288.5987234	331.4692374	370.8193546	406.3755165	438.1317791	466.2486685	490.9814122	512.6311441	531.5130492	547.936512	562.1935138	574.5525382	585.2560503	594.5202123	602.5359329	609.4706502	615.4704616	620.6623567	625.1564045	629.0478114	632.418808	635.3403461	637.8736068	640.0713277	641.9789625	643.6356892	645.0752834	646.3268723	647.4155843	648.3631084	649.1881744	649.9069657	650.5334739	651.0798026	651.5564289	651.9724275	652.3356633	652.652957	654.0289578
98.69844502	143.6477815	192.1547218	241.2330925	288.7636337	333.3976837	374.3859023	411.4093945	444.4395615	473.6313757	499.2464752	521.600079	541.0257931	557.8533072	572.395089	584.939181	595.7460181	605.0478052	613.0494506	619.9303804	625.8467895	630.9340457	635.3090707	639.0725962	642.3112404	645.0993818	647.5008254	649.5702704	651.3545905	652.8939465	654.2227474	655.370478	656.3624097	657.2202103	657.9624653	658.6051239	659.1618807	659.6445002	660.0630956	660.4263655	660.7417966	661.0158368	662.1694153
101.7816934	145.6287513	192.6285304	240.089073	286.0844417	329.3727025	369.2492592	405.4003906	437.7800512	466.5147374	491.8339272	514.0213017	533.3818241	550.2204231	564.8289045	577.4785395	588.4164648	597.8645653	606.0199096	613.0561047	619.1251423	624.3594581	628.8740268	632.768385	636.1285201	639.0285956	641.532501	643.695229	645.5640869	647.1797569	648.5772177	649.7865439	650.8335958	651.7406148	652.5267351	653.2084234	653.7998565	654.3132453	654.7591122	655.1465295	655.483323	655.7762472	657.0156099
100.4755786	144.4337026	191.5432377	239.1337477	285.2874404	328.7596582	368.8371493	405.1956602	437.7792778	466.7065592	492.2013669	514.5439865	534.0378583	550.9878342	565.6866742	578.4072766	589.3987904	598.8852795	607.0660038	614.1166683	620.1912049	625.4237957	629.9309541	633.8135471	637.1586947	640.0415093	642.5266649	644.6697924	646.5187108	648.1145051	649.4924648	650.682898	651.711835	652.6016345	653.3715056	654.0379562	654.6151777	655.1153745	655.5490471	655.925234	656.2517192	656.5352094	657.7232502
100.4755786	144.4337026	191.5432377	239.1337477	285.2874404	328.7596582	368.8371493	405.1956602	437.7792778	466.7065592	492.2013669	514.5439865	534.0378583	550.9878342	565.6866742	578.4072766	589.3987904	598.8852795	607.0660038	614.1166683	620.1912049	625.4237957	629.9309541	633.8135471	637.1586947	640.0415093	642.5266649	644.6697924	646.5187108	648.1145051	649.4924648	650.682898	651.711835	652.6016345	653.3715056	654.0379562	654.6151777	655.1153745	655.5490471	655.925234	656.2517192	656.5352094	657.7232502
# spawning month (check this **********************************)
4
# Options for the initial age comps
#  1 = first year recruitments stochastic and has the same mean as recruitment 
#               for all YC
#  2 = first year recruitments in equilibrium with historical catch and 
#               virgin recruitment
#  3 = first year recruitments in stochastis with a separate mean from the 
#               other recruitments
3
#  Historical catch level
0
# stock-recruitment options for fitting recruitments
# 1 = minimize the variation around the mean recruitment
# 2 = minimize the variation around a B_H recruitment curve that uses the steepness parameter
1
# fixedrec_yrs -- the number of years from the endyr in which we fix the recruitments
3
#  Info for prior distributions on surveyq, sigr, and M
# sigr
0.75
# prior mean of survey q
1.0
# prior cv of survey q
#0.304
0.001
# prior mean of M
0.06
# prior cv of M
0.15
#  selectivity functional form options  
#  1 = logistic
#  2 = double logistic
#  3 = bicubic spline
#  4 = cubic spline 
1
#  number of bins (use more than 1 for time-varying selectivity; ignored for bicubic spline)
1
# start year for fitting selectivity (previous years are filled)
1977
# sel_fixedyrs; years at end that are fixed for selectivity (subsequent years are filled)
0
# start year for each selectivity time bin 
#1977 1980 1984 1988 1992 1996 2000 2004 2008 2012
1977  
# option to use time-varying selectivity -- (only for logistic and double logistic, 1=yes, other number = no)  
#1
# bin size for time varying fish sel 
#4
## sigma parameters for penalties on time-varying logistic and double logistic parameters
# sigma on time-varying ascending slope deviations 
0.1 #0.1
# sigma on time-varying a50 deviations
0.1 #0.1
# sigma on time-varying descending slope deviations 
0.1 #0.1
# sigma on time-varying d50 deviations
0.1 #0.1
## things for bicubic spline selectivity
# year_nodes
3
# age nodes
5
# option to constrain the fishery sel to close to the survey sel (1=yes, 0=no)
0
# prior sd on deviations of fish sel slope from srv sel slope
0.05
# prior sd on deviations of fish_sel_50% from srv_sel_50%
0.03
# number of maturity ages for ogive
64
# maturity ages for ogive
3 4 5 6 7 8 9 10 11 12 13 14 15 16 17 18 19 20 21 22 23 24 25 26 27 28 29 30 31 32 33 34 35 36 37 38 39 40 41 42 43 44 45 46 47 48 49 50 51 52 53 54 55 56 57 58 59 60 61 62 63 64 65 66
#  Maturity data, Tenbrink
# number of ages, TenBrink
27
# ages, TenBrink
4 5 6 7 8 9 10 11 12 13 14 15 16 17 18 19 20 21 22 23 24 25 26 27 28 29 32
# total number of fish observed by age (T_n)
3 36 26 26 21 33 25 18 18 23 20 10 14 3 1 4 4 1 2 5 2 6 5 11 2 1 2
# number of mature fish observed by age (T_y)
0 3 9 18 19 26 23 17 16 22 19 8 13 3 1 4 4 1 2 5 2 6 5 11 2 1 1
#  Maturity data, Shaw
# number of ages, Shaw
45
# ages, Shaw
6 8 9 10 11 12 13 14 15 16 17 18 19 20 21 22 23 24 25 26 27 28 29 30 31 32 33 34 35 36 37 38 39 41 42 43 45 46 49 52 54 55 59 62 66
# number of fish observed by age (S_n)
2 15 18 14 19 12 8 10 20 14 1 7 17 11 8 9 3 8 3 4 5 3 2 2 2 3 3 5 3 4 2 2 1 1 1 2 1 3 1 2 1 1 1 1 1
# number of mature fish observed by age (S_y)
0 9 14 11 16 11 7 10 20 14 1 7 17 11 8 9 3 8 3 3 5 3 2 2 2 3 3 5 3 4 2 2 1 1 1 2 1 3 1 2 1 1 1 1 1
# lambda for maturity data
1 50 50 1 1 1 1 1 1 1 1 1 1 1 1 1 1 1 1 1 1 1 1 1 1 1 1 1 1 1 1 1 1 1 1 1 1 1 1 1 1 1 1 1 1 1 1 1 1 1 1 1 1 1 1 1 1 1 1 1 1 1 1 1
#  read in total biomass from 2014 run for plotting (indexed from styr-3 (1974) to endyr(2014))
129004	129004	129004	129004	132501	135330	140643	147186	153777	159187	166657	172448	177175	186891	196793	205810	215055	222496	231578	237564	239305	239610	241577	239532	244822	248386	250266	252523	251638	252437	250573	248379	245614	242560	239459	236034	231995	226224	223088	220860	219801

