BSAI_northern
0 # SSL Species???
0 # Constant buffer of Dorn
1 # Number of fsheries
1 # Number of sexes??
0.016221 #  average 5 yr f 
1 # author f
0.4 # ABC SPR
0.35 # MSY SPR
4 # Spawnmo
38 # Number of ages
1 # Fratio
 # Natural mortality 
 0.048336 0.048336 0.048336 0.048336 0.048336 0.048336 0.048336 0.048336 0.048336 0.048336 0.048336 0.048336 0.048336 0.048336 0.048336 0.048336 0.048336 0.048336 0.048336 0.048336 0.048336 0.048336 0.048336 0.048336 0.048336 0.048336 0.048336 0.048336 0.048336 0.048336 0.048336 0.048336 0.048336 0.048336 0.048336 0.048336 0.048336 0.048336
 # Maturity 
 0.0255106 0.0500761 0.0959671 0.176117 0.300924 0.46433 0.635771 0.778515 0.876209 0.934441 0.966332 0.982993 0.991481 0.995751 0.997886 0.998949 0.999478 0.999741 0.999871 0.999936 0.999968 0.999984 0.999992 0.999996 0.999998 0.999999 1 1 1 1 1 1 1 1 1 1 1 1
 # Wt Spawn 
 58.8228 90.1143 124.951 161.264 197.457 232.413 265.415 296.052 324.141 349.647 372.641 393.251 411.645 428.004 442.514 455.358 466.706 476.721 485.55 493.327 500.173 506.198 511.498 516.159 520.257 523.861 527.029 529.815 532.264 534.418 536.312 537.978 539.443 540.732 541.866 542.864 543.743 546.224
 # Wt Fish 
 101.271 145.357 192.688 240.495 286.804 330.352 370.426 406.715 439.182 467.962 493.293 515.468 534.799 551.597 566.158 578.757 589.643 599.041 607.147 614.138 620.165 625.361 629.84 633.703 637.035 639.91 642.392 644.535 646.387 647.988 649.372 650.57 651.607 652.505 653.284 653.959 654.545 656.146
 # selectivity 
 0.00868175 0.0194687 0.0430759 0.092605 0.187901 0.344076 0.543227 0.729457 0.859409 0.9327 0.969155 0.986156 0.993846 0.997276 0.998797 0.999469 0.999766 0.999897 0.999954 0.99998 0.999991 0.999996 0.999998 0.999999 1 1 1 1 1 1 1 1 1 1 1 1 1 1
 # natage 
 47.6383 45.3826 43.2261 13.8637 11.0265 10.7821 7.66516 25.6594 18.8254 11.1017 8.42404 66.9928 19.1433 21.7776 18.0453 5.31611 11.097 5.4869 16.2756 25.3515 22.9668 33.0531 8.27418 19.8716 4.33039 7.43105 8.08947 15.8265 6.03946 8.39808 6.36739 15.6031 15.9378 3.55582 4.26889 7.93771 2.97015 59.2586
 # Nrec 
37
 # rec 
 32.0547 47.3481 47.9252 25.4766 64.591 32.8967 25.8885 109.314 100.546 38.4802 47.5576 32.0447 78.6837 37.6672 32.3813 17.6518 75.7874 29.5455 110.624 72.123 74.7822 45.1447 14.3226 27.2784 12.3125 39.3996 44.8481 37.1864 122.654 14.5155 17.9822 28.6629 36.7785 10.3715 13.8171 13.4187 16.0478
 # ssb 
 47110.9 49176 51732.5 55019.4 58192.5 61338.4 64389.6 67427.2 70370 73271.2 76174.6 79079.2 82028.6 85113.8 88316.6 92075 95692.8 98513.1 101082 103139 104428 106593 107802 108407 108909 109646 111998 114849 117814 120758 121207 121349 121275 121042 120793 121477 123044
