# Number of parameters = 152 Objective function value = 847.610083739746  Maximum gradient component = 2.16282977413321e-05
# sel_aslope_domfish:
1.21433800000
# sel_dslope_domfish:
0.00000000000
# sel_aslope_forfish:
1.63656109222
# sel_dslope_forfish:
-1.63000000000
# sel_a50_domfish:
6.57431400000
# sel_d50_domfish:
24.9039410000
# sel_a50_forfish:
7.32882926631
# sel_d50_forfish:
24.9039410000
# sel_par:
 -3.09913483491 -0.852670534294 -2.56955913728 -2.85735099867 -2.69659454391
 2.03301783687 1.13645112583 0.962365009013 0.517817008695 0.213247066094
 0.377956052272 0.0680628899325 0.216617012231 0.400686685074 0.210630783429
 -0.634678671844 -0.435656134459 -0.00408900444096 0.324608590861 0.585019509106
 -1.24521883983 -1.07292752584 -0.319875139374 -0.118741237299 0.227131657466
# sel_aslope_srv3:
0.831625309233
# sel_a50_srv3:
6.25342466224
# sel_aslope_srv_ebs:
0.695174613664
# sel_a50_srv_ebs:
11.1216106679
# a50_devs:
 0.00000000000 0.00000000000
# aslope_devs:
 0.00000000000 0.00000000000
# d50_devs:
 0.00000000000 0.00000000000
# dslope_devs:
 0.00000000000 0.00000000000
# logM:
-2.88541642372
# log_avg_fmort:
-3.94336950302
# fmort_dev:
 -2.11615684433 -0.0207238694282 -0.799920552484 0.0748431530143 1.19513187972 1.63069407641 1.80349968799 1.71508190026 1.90578422852 1.63542084857 2.07329441833 1.23764630412 1.47779576523 0.605447856145 1.56189154819 1.36253660556 1.66743046450 0.750827032264 0.460932361405 0.422081399953 0.0334898556910 -0.0220886146410 -1.48777935509 -2.14085684556 -1.94197162219 -3.18401353980 -2.02169692363 -1.29414527598 -0.992818885990 -0.605577012947 0.509821551983 -0.426586894817 0.0111539195191 0.159183049123 -0.236073955336 -0.404660648620 -0.161436760894 -0.372682748597 -0.697217102255 -0.465883806629 -0.752524738882 -0.787645688896 -0.608380880084 -0.321443997973 -0.526014299610 -0.661288167268 -0.465613772763 -0.125208825273 -0.205490802864 -0.361598889742 -0.238550186327 0.0365365514824 0.0307765286156 0.288548758544 0.326845586590 0.306572308790 0.313805347414 0.369497479646 0.479481018174
# rec_dev:
 1.12086526640 -0.535358311002 -0.647379569442 -0.376463066025 1.26837924578 1.36936907346 -0.483029030178 -0.784387792101 -0.790323534103 -0.694038555996 -0.870884086263 -1.16353617011 -0.936330020629 -0.466331596182 -0.676510604436 -0.538528293308 -1.22335178617 -1.07149142939 -1.11546266811 -0.165233128272 -0.257808365301 -0.578458974449 0.00687866768848 0.279154652569 0.692908639998 0.102696500901 -0.182157812342 1.54594100597 -0.232332986711 0.769941873880 -0.0398312320198 1.16483702898 0.560540674902 0.0417153459606 -0.713061446527 -0.245640419786 -0.465742769579 0.718311979285 0.431459149909 1.23028760578 -0.274039568932 1.11001482030 -0.0815942242850 1.57333076003 -0.418102777427 0.591154424230 -0.369402460029 0.942587617084 1.17171374787 0.329785003085 0.523967560333 1.19511547780 -0.678013247020 -0.604326313555 -0.349221929832 -0.712581952687
# mean_log_rec:
4.34101440313
# log_rinit:
4.29837271583
# fydev:
 0.00000000000 0.00000000000 0.00000000000 0.00000000000 0.00000000000 0.00000000000 0.00000000000 0.00000000000 0.00000000000 0.00000000000 0.00000000000 0.00000000000 0.00000000000 0.00000000000 0.00000000000 0.00000000000 0.00000000000 0.00000000000 0.00000000000 0.00000000000 0.00000000000 0.00000000000 0.00000000000 0.00000000000 0.00000000000 0.00000000000 0.00000000000 0.00000000000 0.00000000000 0.00000000000 0.00000000000 0.00000000000 0.00000000000 0.00000000000 0.00000000000 0.00000000000 0.00000000000
# historic_F:
0.00000000000
# logq_srv3:
0.162019938308
# logq_srv_ebs:
0.361796290872
# log_rzero:
4.16900000000
# steepness:
0.600050000000
# mat_beta1:
-6.61184000000
# mat_beta2:
0.727016000000
