BSAI_pop
0 # SSL Species???
0 # Constant buffer of Dorn
1 # Number of fsheries
1 # Number of sexes??
0.0267307 #  average 5 yr f 
1 # author f
0.4 # ABC SPR
0.35 # MSY SPR
4 # Spawnmo
38 # Number of ages
1 # Fratio
 # Natural mortality 
 0.0558315 0.0558315 0.0558315 0.0558315 0.0558315 0.0558315 0.0558315 0.0558315 0.0558315 0.0558315 0.0558315 0.0558315 0.0558315 0.0558315 0.0558315 0.0558315 0.0558315 0.0558315 0.0558315 0.0558315 0.0558315 0.0558315 0.0558315 0.0558315 0.0558315 0.0558315 0.0558315 0.0558315 0.0558315 0.0558315 0.0558315 0.0558315 0.0558315 0.0558315 0.0558315 0.0558315 0.0558315 0.0558315
 # Maturity 
 0.011765 0.0240383 0.0484869 0.0953715 0.17906 0.310944 0.482833 0.658883 0.799847 0.892098 0.944766 0.972519 0.986526 0.993442 0.996819 0.99846 0.999255 0.99964 0.999826 0.999916 0.999959 0.99998 0.99999 0.999995 0.999998 0.999999 0.999999 1 1 1 1 1 1 1 1 1 1 1
 # Wt Spawn 
 89 139 196 257 319 381 441 498 552 602 648 689 727 761 791 818 842 863 882 899 913 926 937 947 956 963 970 976 981 985 989 992 995 998 1000 1002 1004 1008
 # Wt Fish 
 89 139 196 257 319 381 441 498 552 602 648 689 727 761 791 818 842 863 882 899 913 926 937 947 956 963 970 976 981 985 989 992 995 998 1000 1002 1004 1008
 # selectivity 
 0.0381781 0.0574385 0.0858784 0.126805 0.183757 0.259709 0.355753 0.469363 0.592717 0.711947 0.809189 0.873804 0.90441 0.905207 0.883904 0.849533 0.810808 0.775288 0.749313 0.738321 0.743283 0.761292 0.789723 0.825967 0.867059 0.90942 0.948723 0.97994 0.997648 0.998593 0.984176 0.956904 0.919632 0.875289 0.826649 0.776184 0.725979 0.677705
 # natage 
 101.724 96.02 90.5614 31.575 42.6902 31.0167 26.9335 163.166 77.262 58.6461 124.844 90.732 22.2942 53.1699 17.7166 118.976 20.9151 63.5593 14.7411 61.5305 25.6958 31.7735 9.0156 10.4009 6.01939 11.7895 18.1828 30.4553 8.31567 16.9871 5.65541 30.337 4.88772 5.9131 9.75827 5.95165 4.22684 31.6695
 # Nrec 
36
 # rec 
 59.3354 43.0583 77.3154 101.511 153.534 85.0901 63.9983 360.307 60.8664 165.829 73.787 246.128 134.499 80.0563 37.6357 60.0618 48.1958 157.484 118.211 262.776 58.3801 232.998 70.7689 370.312 50.5474 138.68 53.07 197.078 247.826 106.783 129.669 253.694 38.9781 41.9588 54.1519 37.6537
 # ssb 
 125536 119813 115702 112563 110616 109475 110061 111669 114518 119021 125060 132668 142218 152324 161806 176323 190933 206048 222706 238582 252385 265594 276971 284401 290700 296367 302519 310303 321941 335712 349211 361719 375017 387809 397236 402899
