# Number of parameters = 162 Objective function value = 260.089948203937  Maximum gradient component = 0.000228984891097908
# log_mean_rec:
4.12854309217
# sigr:
0.817818074289
# a50:
2.52768178454
# delta:
5.12319444018
# a502:
6.31696915936
# delta2:
2.01406196733
# a503:
2.74292844088
# delta3:
8.50785126321
# a50_srv1:
5.08268273677
# delta_srv1:
5.14369267531
# a50_srv2:
7.30000000000
# delta_srv2:
3.80000000000
# log_avg_F:
-2.44621566881
# log_F_devs:
 -0.912889692612 0.331870106364 0.924008617398 1.56913961773 2.13000540206 1.71621402590 1.35478949791 1.34084372903 1.15164963279 0.730864712669 1.31786282677 1.41207728571 1.21674868466 1.26982720626 1.47123262079 1.63788366910 1.24029257776 0.321267682329 0.365278080008 0.665655489486 0.696630152039 0.0472540604679 -0.654130349742 -0.759236338387 -2.08247391927 -1.15565830045 -0.502981510072 0.102294566321 0.412386127091 0.492515869126 -0.276754350906 -0.417394912284 -1.73894169890 -2.03043196491 -1.03793320687 -0.577770616262 -0.527776085184 -0.641482607374 -0.498844478060 -0.532033410028 -0.461236480148 -0.374968299694 -0.465178465633 -0.417864171794 -0.491671743989 -0.355939264123 -0.607248052003 -0.698525924623 -0.711128217971 -0.570302128872 -0.699299886342 -0.683059076335 -0.831289177992 -0.565138858532 -0.522893539615 -0.322683506004 -0.285721364201 -0.243922028918 -0.263786484209
# mat_a50:
9.49480973991
# mat_delta:
0.669595267253
# log_rec_dev:
 -0.324027764939 -0.340007075247 -0.352940572556 -0.364564750973 -0.376017027189 -0.387587001778 -0.397103508485 -0.404833091976 -0.411222644670 -0.415133290343 -0.414824802161 -0.409674259343 -0.398105207371 -0.377684731672 -0.346034979532 -0.300213786684 -0.237533119510 -0.157590946793 -0.0661721482770 0.0189267573511 0.0740406205083 0.102942989283 3.20426683770 0.251827426729 0.262224379302 3.21153415796 0.216600114548 0.436455525741 1.23715940783 0.542392184964 0.546445141336 1.51817284512 0.704184728548 0.230879900227 -0.117240554098 -0.0743329337436 -0.287371029342 -0.634081836733 -0.810789314660 -0.919567401090 -0.985218896547 -1.00763912273 -0.829995298518 -0.334573735801 -0.641109987496 -0.791778974934 -0.737042091784 -0.472556376241 -0.462551877802 -0.431286041130 -0.0467756481001 0.416052742475 0.347671882497 0.794651992757 0.536088612150 0.310928294211 -0.429455500675 -0.212504426416 -0.200207909933 -0.0681650502036 -0.292438741860 0.544268198904 0.638456417191 0.107354496903 0.308078709389 1.04947929359 0.568310517480 1.00715322004 0.385628233719 0.772385045903 -0.153337122884 0.375429505356 0.0903361864144 1.02666036835 0.634437620749 1.09029664444 -0.145567262955 0.608205384953 -0.420707109677 0.477804220479 0.0701314210828 0.0825393618345 -0.104366646419 0.00978675699403 0.00319074441232
# log_q_srv1:
0.698388277180
# log_q_srv2:
0.00000000000
# cv_cpue:
0.00000000000
# logm:
-2.74043419448
# mF50:
0.0637924080563
# mF40:
0.0901093631498
# mF35:
0.107729220201
