#Species name here:
Model_1_goa_pop_2019.dat
#SSL Species?
0
#Constant buffer of Dorn?
0
#Number of fisheries?
1
#Number of sexes?
1
#5year_Average_F(endyr-4,endyr_as_estimated_by_ADmodel)
0.0627163
#_Author_F_as_fraction_F_40%
1
#ABC SPR
0.4
#MSY SPR
0.35
#_Spawn_month
5
#_Number_of_ages
28
#_F_ratio(must_sum_to_one_only_one_fishery)
1
#_Natural_Mortality 2 3 4 5 6 7 8 9 10 11 12 13 14 15 16 17 18 19 20 21 22 23 24 25 26 27 28 29
 0.0645423 0.0645423 0.0645423 0.0645423 0.0645423 0.0645423 0.0645423 0.0645423 0.0645423 0.0645423 0.0645423 0.0645423 0.0645423 0.0645423 0.0645423 0.0645423 0.0645423 0.0645423 0.0645423 0.0645423 0.0645423 0.0645423 0.0645423 0.0645423 0.0645423 0.0645423 0.0645423 0.0645423
#_Maturity_divided_by_2(projection_program_uses_to_get_female_spawning_biomass_if_divide_by_2 2 3 4 5 6 7 8 9 10 11 12 13 14 15 16 17 18 19 20 21 22 23 24 25 26 27 28 29
 0.00657105 0.0127563 0.0246193 0.0469894 0.0878553 0.158356 0.268761 0.417919 0.583771 0.732603 0.842568 0.9127 0.953321 0.975547 0.987331 0.993474 0.996649 0.998282 0.99912 0.999549 0.999769 0.999882 0.999939 0.999969 0.999984 0.999992 0.999996 0.999998
#_Wt_at_age_spawners 2 3 4 5 6 7 8 9 10 11 12 13 14 15 16 17 18 19 20 21 22 23 24 25 26 27 28 29
 43.5 96.7 164.6 240.2 318 393.7 464.7 529.4 587.3 638.1 682.3 720.3 752.8 780.3 803.6 823.1 839.5 853.2 864.6 874.2 882.1 888.7 894.1 898.7 902.4 905.5 908.1 915.3
#_Wt_at_age_fishery 2 3 4 5 6 7 8 9 10 11 12 13 14 15 16 17 18 19 20 21 22 23 24 25 26 27 28 29
 43.5 96.7 164.6 240.2 318 393.7 464.7 529.4 587.3 638.1 682.3 720.3 752.8 780.3 803.6 823.1 839.5 853.2 864.6 874.2 882.1 888.7 894.1 898.7 902.4 905.5 908.1 915.3
#_Selectivity_fishery_scaled_to_max_at_one 2 3 4 5 6 7 8 9 10 11 12 13 14 15 16 17 18 19 20 21 22 23 24 25 26 27 28 29
 0.000565646 0.00763162 0.031307 0.0788818 0.152166 0.247907 0.359443 0.478534 0.596884 0.707198 0.803765 0.882676 0.941778 0.98046 0.999351 1 0.984573 0.955577 0.915647 0.867371 0.813172 0.755232 0.695442 0.63539 0.576365 0.519369 0.465151 0.414233
#_Numbers_at_age_end_year 2 3 4 5 6 7 8 9 10 11 12 13 14 15 16 17 18 19 20 21 22 23 24 25 26 27 28 29
 62.2858 58.7767 49.1334 55.4122 51.0398 71.2211 26.7597 68.6464 29.4288 91.728 52.4097 69.6621 24.4608 29.092 15.3303 34.6285 21.0839 35.221 20.3766 29.5519 12.6032 9.22143 14.0322 11.4527 4.46816 5.0683 4.05747 51.2077
#_N_recruitment_years
39
#_Recruitment_start_at_1977_yearclass=1979_for_age_2_recruits 1979 1980 1981 1982 1983 1984 1985 1986 1987 1988 1989 1990 1991 1992 1993 1994 1995 1996 1997 1998 1999 2000 2001 2002 2003 2004 2005 2006 2007 2008 2009 2010 2011 2012 2013 2014 2015 2016 2017
 32.7019 28.128 29.7105 38.7057 39.0949 40.3365 59.2501 94.1224 87.9013 137.441 106.126 84.7301 40.4104 50.2012 50.8223 57.9962 46.3445 106.998 117.566 69.1238 84.4889 177.332 109.602 169.983 91.3019 134.414 53.2611 90.3754 67.9573 173.331 117.094 184.72 53.6766 114.063 40.7655 100.118 66.598 67.4295 55.9344
#_Spawners per recruitment (starting at 1977)
 36.2563 31.7315 32.1703 32.2199 30.9408 29.5844 30.414 32.6102 35.2254 38.9868 42.4469 45.1347 46.4067 46.8568 47.7864 52.7615 59.6323 70.0503 82.0827 93.1536 102.278 109.113 114.256 117.291 119.911 122.574 125.886 131.016 137.226 144.942 153.035 162.315 172.309 181.67 188.674 194.781 199.444 204.539 208.18 212.054 214.103
