Rougheye
0 # SSL Species???
0 # Constant buffer of Dorn
1 # Number of fsheries
1 # Number of sexes??
0.0183028 #  average 5 yr f 
1 # author f
0.4 # ABC SPR
0.35 # MSY SPR
3 # Spawnmo
43 # Number of ages
1 # Fratio
 # Natural mortality 
 0.0335801 0.0335801 0.0335801 0.0335801 0.0335801 0.0335801 0.0335801 0.0335801 0.0335801 0.0335801 0.0335801 0.0335801 0.0335801 0.0335801 0.0335801 0.0335801 0.0335801 0.0335801 0.0335801 0.0335801 0.0335801 0.0335801 0.0335801 0.0335801 0.0335801 0.0335801 0.0335801 0.0335801 0.0335801 0.0335801 0.0335801 0.0335801 0.0335801 0.0335801 0.0335801 0.0335801 0.0335801 0.0335801 0.0335801 0.0335801 0.0335801 0.0335801 0.0335801
 # Maturity 
 0 0 0 0.001 0.001 0.003 0.008 0.015 0.03 0.053 0.09 0.141 0.209 0.29 0.378 0.467 0.551 0.625 0.689 0.742 0.785 0.82 0.847 0.87 0.888 0.902 0.914 0.924 0.932 0.939 0.944 0.949 0.953 0.956 0.959 0.962 0.964 0.966 0.968 0.969 0.97 0.971 0.9753
 # Wt Spawn 
 55 81 112 148 188 233 281 333 387 443 500 559 618 678 738 797 856 914 971 1027 1081 1134 1186 1236 1284 1331 1376 1419 1460 1500 1538 1575 1609 1643 1674 1705 1733 1761 1787 1811 1835 1857 1966.8
 # Wt Fish 
 55 81 112 148 188 233 281 333 387 443 500 559 618 678 738 797 856 914 971 1027 1081 1134 1186 1236 1284 1331 1376 1419 1460 1500 1538 1575 1609 1643 1674 1705 1733 1761 1787 1811 1835 1857 1966.8
 # selectivity 
 1.6532e-05 5.15321e-05 0.000160105 0.000494273 0.0015057 0.00445635 0.0124084 0.030761 0.0637976 0.108347 0.15693 0.206175 0.256809 0.310226 0.366977 0.426647 0.488086 0.549709 0.609789 0.666712 0.719184 0.766334 0.807736 0.84336 0.873482 0.898576 0.919225 0.936043 0.949628 0.960529 0.969227 0.97614 0.981613 0.985936 0.989343 0.992023 0.994129 0.995782 0.997078 0.998094 0.998889 0.999512 1
 # natage 
 1.84139 1.78058 1.72178 2.37968 2.4517 14.4744 1.47831 13.303 1.92503 5.33742 4.75807 1.97816 2.27071 12.3405 1.11884 2.31141 4.68397 4.23529 0.569756 0.612277 0.375684 0.204257 0.144571 0.122582 0.113051 0.106282 0.104295 0.11447 0.133538 0.126935 0.111618 0.125307 0.177435 0.20868 0.176278 0.132545 0.0980654 0.0914865 0.116701 0.12483 0.0861448 0.0668495 0.814681
 # Nrec 
27
 # rec 
 1.01668 0.715288 0.68841 0.837324 1.00571 1.07984 0.836819 0.541241 0.443478 0.465928 0.454983 0.363725 0.310298 0.297061 0.297769 0.305166 0.341038 0.457516 0.800371 1.24261 1.10327 7.83759 8.29714 3.9254 1.82426 19.3435 3.42621
 # ssb 
 4260.48 4394.28 3713.02 2989.95 3013.56 3069.39 3256.81 3485.86 3722.96 3967.37 4201.21 4410.76 4592.04 4562.98 4201.4 4264.62 3972.6 3773.34 3653.81 3624.01 3427.92 3206.89 3141.03 3126.5 3119.03 3021.47 3023.74
