# Number of parameters = 176 Objective function value = 232.061160862655  Maximum gradient component = 9.89231883572765e-05
# steepness:
0.599550000000
# log_Rzero:
4.30000000000
# log_mean_rec:
3.41977302064
# sigr:
1.50000000000
# log_fish_sel_coffs:
 0.00000000000 0.00000000000 0.00000000000 0.00000000000 0.00000000000 0.00000000000 0.00000000000 0.00000000000 0.00000000000 0.00000000000 0.00000000000
# a50:
8.00856857403
# delta:
1.76060421449
# log_srv1_sel_coffs:
 0.00000000000 0.00000000000 0.00000000000 0.00000000000 0.00000000000 0.00000000000 0.00000000000 0.00000000000 0.00000000000
# a50_srv1:
8.72791577725
# delta_srv1:
4.41777307174
# log_srv2_sel_coffs:
 0.00000000000 0.00000000000 0.00000000000 0.00000000000 0.00000000000 0.00000000000 0.00000000000 0.00000000000 0.00000000000
# a50_srv2:
7.30000000000
# delta_srv2:
3.80000000000
# log_avg_F:
-3.49410835306
# log_F_devs:
 -1.31388159951 0.108017711950 0.920751457100 1.64947427039 2.27028582322 1.90801207450 1.50420950841 1.37719553553 1.06052063676 0.566827009606 1.12553140542 1.16869242137 0.872977575381 0.766668550158 0.722428214611 0.551154144612 -0.842763471734 -1.13674056755 -1.09911118060 -1.00908681591 -0.480502962102 0.444880185205 0.313268006836 -1.06799222183 -2.87308147896 -2.67150674185 -2.06293188592 -1.27824036785 -1.00079367569 -0.933352188249 -0.00751563993387 0.504035119039 0.00594311105381 0.210927806554 0.166225466406 -0.343726586400 -0.464498865605 -0.412289790865 0.178791483229 -0.275138978545 -0.319218854510 -0.259537961072 0.177592074938 0.0883483182210 0.0306641652556 0.124079056127 -0.0373013730309 -0.0506744001907 -0.0464310380178 -0.0206311499462 -0.0972761459489 0.350206933777 0.383074855296 0.323447055287 0.312586047075 0.241007172956 -0.329033762645 0.00543598838494
# Est_nsamples_fish_age:
50.0000000000
# Est_nsamples_srv1_age:
50.0000000000
# Est_nsamples_fish_size:
50.0000000000
# mat_a50:
10.6102153948
# mat_delta:
0.648929405577
# log_rec_dev:
 -1.20019231941 -1.20444186714 -1.20891286532 -1.21361371446 -1.21855215672 -1.22374384881 -1.22919099849 -1.23491698678 -1.24091211809 -1.24720818628 -1.25379879508 -1.26069745750 -1.26792402969 -1.27547686312 -1.28336497984 -1.29160722510 -1.30020063019 -1.30916137108 -1.31848965268 -1.32819971940 -1.33828927386 -1.34876390175 -1.35962443604 -1.37085977527 -1.38240903330 -1.39399791244 -1.40469740830 -1.41274280478 -1.41672247012 -1.41745528760 -1.41637135453 -1.41602559755 -1.42615907113 -1.45186535033 -1.47944309742 -1.49909781741 -1.51604886525 -1.52990159378 -1.52739644176 -1.48693285409 -1.40902762283 -1.34573128002 -1.33514877567 -1.34931659243 -1.34360636998 -1.30046702717 -1.25196740585 -1.10378832613 -0.606265476717 -0.604939592785 -1.24084031397 -1.44854466929 -1.36446973918 -1.19902847203 -0.997914344579 -0.873475605607 -0.236980385781 -0.843520381824 0.489352314815 -0.409573426760 -0.894002044437 -0.252640951726 -0.900760565797 0.0544863029615 0.486867909275 0.311053003492 -0.421057876246 -0.780989930980 -0.210013751320 -0.160260950166 0.308795239383 -0.475094017530 0.603705317941 -0.0741687124398 -0.809853008679 -0.562190378676 -0.422146950388 -1.21665190178 -0.547724348157 -0.927833351535 -0.985729591172 -1.26633860445 0.389925496961 -0.0193681988736 -0.555987532034 -0.405602420536 0.0637583085240 -0.864382540780 -1.25317037196 -1.03405759168 -1.91740199515 -2.70889062551 -2.60923542172 -2.06881941841 -2.27754587249 -1.99321401830 -1.67723225789 -2.05497295363 -2.00519397164 -1.78770202150 -1.55914284430 -1.42495028057 -1.29273042223 -1.22971385536 -1.12499959799
# log_q_srv1:
-0.400174253050
# log_q_srv2:
0.00000000000
# cv_cpue:
0.00000000000
# logm:
-2.82609449664
# mF50:
0.0424596748859
# mF40:
0.0606260281143
# mF35:
0.0727350466972
