#Species name here:
Model_1_goa_nr_2018.dat
#SSL Species?
0
#Constant buffer of Dorn?
0
#Number of fisheries?
1
#Number of sexes?
1
#5year_Average_F(endyr-4,endyr_as_estimated_by_ADmodel)
0.0349106
#_Author_F_as_fraction_F_40%
1
#ABC SPR
0.4
#MSY SPR
0.35
#_Spawn_month
5
#_Number_of_ages
49
#_F_ratio(must_sum_to_one_only_one_fishery)
1
#_Natural_Mortality 2 3 4 5 6 7 8 9 10 11 12 13 14 15 16 17 18 19 20 21 22 23 24 25 26 27 28 29 30 31 32 33 34 35 36 37 38 39 40 41 42 43 44 45 46 47 48 49 50
 0.0592438 0.0592438 0.0592438 0.0592438 0.0592438 0.0592438 0.0592438 0.0592438 0.0592438 0.0592438 0.0592438 0.0592438 0.0592438 0.0592438 0.0592438 0.0592438 0.0592438 0.0592438 0.0592438 0.0592438 0.0592438 0.0592438 0.0592438 0.0592438 0.0592438 0.0592438 0.0592438 0.0592438 0.0592438 0.0592438 0.0592438 0.0592438 0.0592438 0.0592438 0.0592438 0.0592438 0.0592438 0.0592438 0.0592438 0.0592438 0.0592438 0.0592438 0.0592438 0.0592438 0.0592438 0.0592438 0.0592438 0.0592438 0.0592438
#_Maturity_divided_by_2(projection_program_uses_to_get_female_spawning_biomass_if_divide_by_2 2 3 4 5 6 7 8 9 10 11 12 13 14 15 16 17 18 19 20 21 22 23 24 25 26 27 28 29 30 31 32 33 34 35 36 37 38 39 40 41 42 43 44 45 46 47 48 49 50
 0.0037307 0.00711441 0.0135255 0.025565 0.0478021 0.0876418 0.155271 0.260203 0.402277 0.562901 0.711334 0.825029 0.900225 0.945249 0.970619 0.984427 0.9918 0.995698 0.997747 0.998821 0.999384 0.999678 0.999832 0.999912 0.999954 0.999976 0.999987 0.999993 0.999997 0.999998 0.999999 1 1 1 1 1 1 1 1 1 1 1 1 1 1 1 1 1 1
#_Wt_at_age_spawners 2 3 4 5 6 7 8 9 10 11 12 13 14 15 16 17 18 19 20 21 22 23 24 25 26 27 28 29 30 31 32 33 34 35 36 37 38 39 40 41 42 43 44 45 46 47 48 49 50
 29.1 75.7 140.3 216.6 298.6 381.4 461.5 536.8 605.7 667.8 722.9 771.4 813.6 850.1 881.6 908.4 931.4 950.9 967.4 981.4 993.3 1003.2 1011.6 1018.7 1024.7 1029.7 1033.9 1037.4 1040.4 1042.8 1044.9 1046.7 1048.1 1049.3 1050.4 1051.2 1052 1052.6 1053.1 1053.5 1053.8 1054.1 1054.4 1054.6 1054.8 1054.9 1055 1055.2 1055.5
#_Wt_at_age_fishery 2 3 4 5 6 7 8 9 10 11 12 13 14 15 16 17 18 19 20 21 22 23 24 25 26 27 28 29 30 31 32 33 34 35 36 37 38 39 40 41 42 43 44 45 46 47 48 49 50
 29.1 75.7 140.3 216.6 298.6 381.4 461.5 536.8 605.7 667.8 722.9 771.4 813.6 850.1 881.6 908.4 931.4 950.9 967.4 981.4 993.3 1003.2 1011.6 1018.7 1024.7 1029.7 1033.9 1037.4 1040.4 1042.8 1044.9 1046.7 1048.1 1049.3 1050.4 1051.2 1052 1052.6 1053.1 1053.5 1053.8 1054.1 1054.4 1054.6 1054.8 1054.9 1055 1055.2 1055.5
#_Selectivity_fishery_scaled_to_max_at_one 2 3 4 5 6 7 8 9 10 11 12 13 14 15 16 17 18 19 20 21 22 23 24 25 26 27 28 29 30 31 32 33 34 35 36 37 38 39 40 41 42 43 44 45 46 47 48 49 50
 4.32381e-05 0.000230197 0.00122457 0.00648641 0.0335973 0.156206 0.496418 0.839979 0.96546 0.993326 0.99874 0.999763 0.999956 0.999992 0.999998 1 1 1 1 1 1 1 1 1 1 1 1 1 1 1 1 1 1 1 1 1 1 1 1 1 1 1 1 1 1 1 1 1 1
#_Numbers_at_age_end_year 2 3 4 5 6 7 8 9 10 11 12 13 14 15 16 17 18 19 20 21 22 23 24 25 26 27 28 29 30 31 32 33 34 35 36 37 38 39 40 41 42 43 44 45 46 47 48 49 50
 9.92219 8.42172 7.45249 6.1537 5.07058 3.79925 2.86931 2.53824 3.39667 2.24972 1.53175 1.7052 0.898541 0.739543 1.49103 3.30017 2.42617 3.27405 7.56538 4.31731 3.38854 5.28735 7.28723 1.27816 1.5559 1.51229 2.03059 0.958435 1.95346 1.55551 1.10644 2.10015 3.75504 1.16254 2.34387 1.36213 1.2094 0.639748 0.86047 1.67834 1.8651 1.11323 0.389976 0.682021 0.332098 0.501472 1.14685 0.279927 1.90162
#_N_recruitment_years
38
#_Recruitment_start_at_1977_yearclass=1979_for_age_2_recruits 1979 1980 1981 1982 1983 1984 1985 1986 1987 1988 1989 1990 1991 1992 1993 1994 1995 1996 1997 1998 1999 2000 2001 2002 2003 2004 2005 2006 2007 2008 2009 2010 2011 2012 2013 2014 2015 2016
 41.7136 20.0597 13.9962 24.7731 26.0368 41.6195 19.0046 55.8952 28.3777 13.598 17.4194 20.0379 9.05323 17.6732 12.0847 11.4049 8.61439 45.1368 29.9762 17.5278 20.3722 32.5746 12.8763 8.72858 10.8668 4.49233 2.03579 2.24912 3.86111 3.13374 4.16435 5.71184 3.91494 4.11475 5.11446 6.42779 7.3509 8.39002
#_Spawners per recruitment (starting at 1977)
 18.6931 20.8333 23.5786 26.7908 30.2578 33.5191 35.6959 37.9765 41.5486 45.8301 50.3539 54.7271 58.4966 61.707 64.644 66.3841 66.8075 68.4045 69.2216 69.6001 70.2903 70.5078 70.1424 68.3406 67.3156 66.4261 65.7313 64.6587 64.2192 64.1316 63.829 63.6221 63.0567 61.9799 60.3059 58.2604 54.9603 51.4325 48.0393 44.7893
