# Number of parameters = 120 Objective function value = 392.152260439963  Maximum gradient component = 7.03373404057423e-05
# steepness:
0.599550000000
# log_Rzero:
3.00000000000
# log_mean_rec:
0.890292754713
# sigr:
0.830582192658
# log_fish_sel_coffs:
 0.00000000000 0.00000000000 0.00000000000 0.00000000000 0.00000000000 0.00000000000 0.00000000000 0.00000000000
# a50:
10.4125344265
# delta:
2.52915447344
# a50_mat:
10.3365634776
# delta_mat:
0.659558326882
# log_srv1_sel_coffs:
 0.00000000000 0.00000000000 0.00000000000 0.00000000000 0.00000000000 0.00000000000 0.00000000000
# a50_srv1:
8.49509120191
# delta_srv1:
4.31059881783
# log_srv2_sel_coffs:
 0.00000000000 0.00000000000 0.00000000000 0.00000000000 0.00000000000 0.00000000000 0.00000000000
# a50_srv2:
7.30000000000
# delta_srv2:
3.80000000000
# log_avg_F:
-2.86518500911
# log_F_devs:
 -0.486484205862 -0.960607311073 -0.775398319131 -0.213289672293 0.0106815684868 0.0327809177770 0.149027236639 -0.237294991846 -1.73373852700 -2.14753477668 -2.13644837367 0.0476181106285 0.362738043340 0.0665740368610 0.170449018893 0.718128913522 0.669160365719 0.632443054278 0.585494961182 0.297580808162 0.263228641472 0.402990908166 0.720633430103 0.535771499891 0.320614995177 0.389864874879 0.274526373980 0.0800893117833 -0.0939844167864 -0.0506910248328 0.229789132149 0.280885504442 0.0795678805406 0.0888372145001 -0.124724020260 0.324713456602 0.165911121205 0.181345465775 0.145269173483 0.343033853756 0.137622120922 0.252823672956
# log_rec_dev:
 -0.497566297171 -0.520633627612 -0.544291478211 -0.568618440762 -0.593512881005 -0.618892785492 -0.644717984149 -0.670924139353 -0.697065584728 -0.723478079289 -0.751720071565 -0.777489940661 -0.798949289253 -0.821474040028 -0.852454543657 -0.848921523429 -0.798524162335 -0.761270971453 -0.645015086861 -0.469350062314 -0.489309775596 -0.450353074870 -0.0715436636454 -0.0909582058129 0.0114826929115 0.178297060113 1.31226317457 0.980556836558 0.615268184035 -0.105636899085 1.24301947779 -0.270299425131 0.00911384847023 -0.238108906634 1.10351997495 0.663479703515 1.78585690014 1.42933557858 1.26068399749 0.0164380792616 0.927366766110 0.645081534362 1.71385963567 0.0764149091045 1.11293722640 1.80015370190 -0.167622703890 1.29919111888 1.51770432420 0.663132999861 0.942124977515 0.949654691148 -0.0300395794962 0.0480440239331 0.525020607960 0.524778413784 0.816961804603 1.17920653138 0.702701804537 0.136959071512 1.16729116670 -0.302525584024 -0.121043973812 -0.118827439741 5.16476415413e-06
# log_q_srv1:
-0.215820624001
# log_q_srv2:
0.00000000000
# cv_cpue:
0.00000000000
# logm:
-2.65926003693
# mF50:
0.0641065078465
# mF40:
0.0954977660139
# mF35:
0.117880676847
