#Species name here:
Model_1_goa_dr_2018.dat
#SSL Species?
0
#Constant buffer of Dorn?
0
#Number of fisheries?
1
#Number of sexes?
1
#5year_Average_F(endyr-4,endyr_as_estimated_by_ADmodel)
0.0706414
#_Author_F_as_fraction_F_40%
1
#ABC SPR
0.4
#MSY SPR
0.35
#_Spawn_month
3
#_Number_of_ages
25
#_F_ratio(must_sum_to_one_only_one_fishery)
1
#_Natural_Mortality 4 5 6 7 8 9 10 11 12 13 14 15 16 17 18 19 20 21 22 23 24 25 26 27 28
 0.07 0.07 0.07 0.07 0.07 0.07 0.07 0.07 0.07 0.07 0.07 0.07 0.07 0.07 0.07 0.07 0.07 0.07 0.07 0.07 0.07 0.07 0.07 0.07 0.07
#_Maturity_divided_by_2(projection_program_uses_to_get_female_spawning_biomass_if_divide_by_2 4 5 6 7 8 9 10 11 12 13 14 15 16 17 18 19 20 21 22 23 24 25 26 27 28
 0.0150779 0.0287548 0.0541556 0.0996914 0.176375 0.292858 0.444731 0.607681 0.749723 0.852795 0.918058 0.955884 0.976692 0.987811 0.99366 0.996712 0.998297 0.999119 0.999544 0.999764 0.999878 0.999937 0.999967 0.999983 0.999991
#_Wt_at_age_spawners 4 5 6 7 8 9 10 11 12 13 14 15 16 17 18 19 20 21 22 23 24 25 26 27 28
 209.1 355.5 518.1 684.3 845 994.7 1130 1249.9 1354.5 1444.5 1521.3 1586.2 1640.9 1686.6 1724.7 1756.4 1782.7 1804.4 1822.4 1837.2 1849.4 1859.4 1867.7 1874.4 1892.8
#_Wt_at_age_fishery 4 5 6 7 8 9 10 11 12 13 14 15 16 17 18 19 20 21 22 23 24 25 26 27 28
 209.1 355.5 518.1 684.3 845 994.7 1130 1249.9 1354.5 1444.5 1521.3 1586.2 1640.9 1686.6 1724.7 1756.4 1782.7 1804.4 1822.4 1837.2 1849.4 1859.4 1867.7 1874.4 1892.8
#_Selectivity_fishery_scaled_to_max_at_one 4 5 6 7 8 9 10 11 12 13 14 15 16 17 18 19 20 21 22 23 24 25 26 27 28
 0.000572191 0.00183062 0.00584058 0.0184717 0.0568575 0.161858 0.382188 0.664615 0.863907 0.953128 0.98488 0.99523 0.998506 0.999533 0.999854 0.999954 0.999986 0.999996 0.999999 1 1 1 1 1 1
#_Numbers_at_age_end_year 4 5 6 7 8 9 10 11 12 13 14 15 16 17 18 19 20 21 22 23 24 25 26 27 28
 2.43586 2.01663 1.87589 1.4582 5.90469 1.95718 3.1774 4.64571 2.87698 1.88377 1.64367 0.888788 0.716102 1.66452 1.44571 0.957456 1.96596 1.37832 0.277822 1.74273 0.768585 0.237903 1.0599 0.313202 2.41437
#_N_recruitment_years
36
#_Recruitment_start_at_1977_yearclass=1979_for_age_2_recruits 1979 1980 1981 1982 1983 1984 1985 1986 1987 1988 1989 1990 1991 1992 1993 1994 1995 1996 1997 1998 1999 2000 2001 2002 2003 2004 2005 2006 2007 2008 2009 2010 2011 2012 2013 2014
 2.91127 9.04811 6.49381 4.50668 2.19165 8.44279 1.85892 2.45814 1.91973 7.34348 4.72928 14.529 10.1719 8.59325 2.47621 6.15743 4.64306 13.5198 2.62927 7.41296 14.7383 2.05993 8.9306 11.1117 4.72764 6.24898 6.29621 2.36376 2.55573 4.11778 4.11678 5.5138 7.92086 4.91846 2.79338 7.82704
#_Spawners per recruitment (starting at 1977)
 12.574 11.9707 11.6059 11.2926 10.8985 10.5573 10.4081 10.4475 10.9482 12.0213 13.312 14.6528 15.2502 15.4005 15.6868 15.805 15.344 15.2895 15.7187 16.5926 17.9365 19.1936 19.9765 19.9478 20.1688 20.7541 21.3041 22.0494 23.04 24.1622 25.1059 25.5043 25.5902 25.6862 25.4552 25.2134 24.1357 23.3091
